,epochs,baseline,std_baseline,hybrid_self_transfer,std_hybrid_self_transfer,self_transfer_full_fine_tuning,std_self_transfer_full_fine_tuning
0,0,0.2633333333333333,0.02111111111111111,0.27111111111111114,0.0,0.3655555555555556,0.11888888888888889
1,1,0.2777777777777778,0.024444444444444435,0.36666666666666664,0.0,0.4222222222222222,0.09111111111111109
2,2,0.28888888888888886,0.01999999999999999,0.4777777777777778,0.0,0.51,0.05000000000000002
3,3,0.3244444444444444,0.011111111111111101,0.6111111111111112,0.0,0.6022222222222222,0.00888888888888889
4,4,0.31666666666666665,0.010000000000000009,0.6688888888888889,0.0,0.6555555555555556,0.01777777777777778
5,5,0.33555555555555555,0.011111111111111127,0.68,0.0,0.7033333333333334,0.04999999999999999
6,6,0.3477777777777778,0.025555555555555554,0.6866666666666666,0.0,0.7233333333333334,0.08333333333333331
7,7,0.3522222222222222,0.016666666666666663,0.6866666666666666,0.0,0.7566666666666667,0.09444444444444444
8,8,0.3811111111111111,0.016666666666666663,0.6933333333333334,0.0,0.7822222222222222,0.0977777777777778
9,9,0.38888888888888884,0.013333333333333336,0.7244444444444444,0.0,0.8155555555555556,0.0977777777777778
10,10,0.40444444444444444,0.0,0.7377777777777778,0.0,0.8422222222222222,0.08666666666666667
11,11,0.41444444444444445,0.0011111111111111183,0.7755555555555556,0.0,0.8644444444444445,0.0822222222222222
12,12,0.43333333333333335,0.006666666666666654,0.7755555555555556,0.0,0.8822222222222222,0.07333333333333336
13,13,0.45777777777777773,0.013333333333333336,0.7844444444444445,0.0,0.8888888888888888,0.06
14,14,0.48444444444444446,0.00888888888888889,0.7777777777777778,0.0,0.8977777777777778,0.053333333333333344
15,15,0.5044444444444445,0.0044444444444444176,0.7822222222222223,0.0,0.9066666666666667,0.04222222222222222
16,16,0.5511111111111111,0.015555555555555545,0.7933333333333333,0.0,0.9088888888888889,0.03999999999999998
17,17,0.5977777777777777,0.0044444444444444176,0.8133333333333334,0.0,0.9211111111111111,0.0411111111111111
18,18,0.6411111111111112,0.014444444444444426,0.8155555555555556,0.0,0.9277777777777778,0.03888888888888892
19,19,0.6877777777777778,0.005555555555555591,0.8022222222222222,0.0,0.9288888888888889,0.03111111111111109
20,20,0.7088888888888889,0.024444444444444435,0.78,0.0,0.9366666666666666,0.02777777777777779
21,21,0.7166666666666667,0.02777777777777779,0.7555555555555555,0.0,0.9466666666666667,0.022222222222222254
22,22,0.7266666666666666,0.024444444444444435,0.7555555555555555,0.0,0.9533333333333334,0.015555555555555545
23,23,0.7266666666666666,0.006666666666666654,0.7733333333333333,0.0,0.9622222222222223,0.011111111111111127
24,24,0.7344444444444445,0.025555555555555554,0.7977777777777778,0.0,0.961111111111111,0.014444444444444426
25,25,0.76,0.013333333333333308,0.8288888888888889,0.0,0.9555555555555555,0.011111111111111127
26,26,0.7944444444444445,0.021111111111111136,0.8177777777777778,0.0,0.9566666666666667,0.014444444444444482
27,27,0.81,0.016666666666666663,0.8133333333333334,0.0,0.9466666666666667,0.011111111111111072
28,28,0.8266666666666667,0.013333333333333308,0.8222222222222222,0.0,0.9455555555555556,0.007777777777777772
29,29,0.8466666666666667,0.040000000000000036,0.8288888888888889,0.0,0.95,0.003333333333333355
30,30,0.8544444444444445,0.036666666666666625,0.8644444444444445,0.0,0.95,0.003333333333333355
31,31,0.8644444444444445,0.0377777777777778,0.9088888888888889,0.0,0.9511111111111111,0.013333333333333308
32,32,0.8844444444444444,0.04444444444444445,0.9288888888888889,0.0,0.9522222222222223,0.014444444444444426
33,33,0.8911111111111112,0.02888888888888891,0.9466666666666667,0.0,0.9555555555555555,0.013333333333333364
34,34,0.9033333333333333,0.016666666666666663,0.96,0.0,0.9488888888888889,0.020000000000000018
35,35,0.9222222222222223,0.013333333333333364,0.96,0.0,0.95,0.0188888888888889
36,36,0.9211111111111112,0.016666666666666663,0.9666666666666667,0.0,0.9488888888888889,0.01777777777777778
37,37,0.9255555555555555,0.016666666666666663,0.9755555555555555,0.0,0.9455555555555555,0.021111111111111136
38,38,0.9322222222222223,0.0188888888888889,0.9711111111111111,0.0,0.94,0.017777777777777726
39,39,0.9299999999999999,0.021111111111111136,0.96,0.0,0.9477777777777778,0.014444444444444426
40,40,0.9322222222222223,0.016666666666666663,0.9577777777777777,0.0,0.9488888888888889,0.02444444444444449
41,41,0.9433333333333334,0.012222222222222245,0.96,0.0,0.9488888888888889,0.02444444444444449
42,42,0.951111111111111,0.006666666666666654,0.96,0.0,0.9477777777777778,0.02999999999999997
43,43,0.9555555555555555,0.013333333333333364,0.9688888888888889,0.0,0.9477777777777778,0.03888888888888892
44,44,0.9633333333333334,0.014444444444444426,0.9733333333333334,0.0,0.9444444444444444,0.0377777777777778
45,45,0.9622222222222222,0.015555555555555545,0.9688888888888889,0.0,0.9444444444444444,0.0377777777777778
46,46,0.9644444444444444,0.011111111111111072,0.9733333333333334,0.0,0.9444444444444444,0.0377777777777778
47,47,0.97,0.010000000000000009,0.9844444444444445,0.0,0.9433333333333334,0.03888888888888886
48,48,0.9722222222222222,0.0033333333333332993,0.9866666666666667,0.0,0.9355555555555556,0.04888888888888887
49,49,0.9788888888888889,0.003333333333333355,0.9822222222222222,0.0,0.9244444444444444,0.053333333333333344
50,50,0.9777777777777777,0.0,0.9822222222222222,0.0,0.9133333333333333,0.06444444444444442
51,51,0.9788888888888889,0.0011111111111111183,0.9777777777777777,0.0,0.9155555555555556,0.06222222222222218
52,52,0.9833333333333334,0.0011111111111111183,0.9822222222222222,0.0,0.9155555555555556,0.05555555555555558
53,53,0.981111111111111,0.0011111111111111183,0.9844444444444445,0.0,0.9199999999999999,0.05777777777777776
54,54,0.9777777777777779,0.0044444444444444176,0.9866666666666667,0.0,0.9255555555555556,0.043333333333333335
55,55,0.9766666666666667,0.007777777777777772,0.98,0.0,0.9311111111111111,0.04222222222222227
56,56,0.9777777777777779,0.00888888888888889,0.9688888888888889,0.0,0.9288888888888889,0.04222222222222222
57,57,0.97,0.012222222222222245,0.9688888888888889,0.0,0.9244444444444444,0.04444444444444445
58,58,0.9711111111111111,0.015555555555555545,0.9711111111111111,0.0,0.9077777777777778,0.06333333333333335
59,59,0.97,0.012222222222222245,0.9688888888888889,0.0,0.9066666666666667,0.062222222222222234
60,60,0.9688888888888889,0.006666666666666654,0.9644444444444444,0.0,0.9077777777777778,0.052222222222222225
61,61,0.9677777777777777,0.007777777777777772,0.9688888888888889,0.0,0.9122222222222223,0.04777777777777775
62,62,0.9666666666666666,0.00888888888888889,0.96,0.0,0.9177777777777778,0.04666666666666669
63,63,0.9655555555555555,0.01222222222222219,0.96,0.0,0.9311111111111111,0.0377777777777778
64,64,0.9588888888888889,0.007777777777777772,0.9688888888888889,0.0,0.9344444444444444,0.034444444444444444
65,65,0.9522222222222222,0.010000000000000009,0.9733333333333334,0.0,0.9311111111111111,0.03555555555555556
66,66,0.951111111111111,0.011111111111111127,0.9755555555555555,0.0,0.9366666666666666,0.02777777777777779
67,67,0.9533333333333334,0.0044444444444444176,0.9711111111111111,0.0,0.9355555555555556,0.020000000000000018
68,68,0.9566666666666667,0.0011111111111110628,0.9644444444444444,0.0,0.9344444444444444,0.023333333333333317
69,69,0.961111111111111,0.003333333333333355,0.9666666666666667,0.0,0.9488888888888889,0.01777777777777778
70,70,0.9655555555555555,0.0011111111111111183,0.96,0.0,0.9522222222222223,0.014444444444444426
71,71,0.9677777777777778,0.0011111111111111183,0.9644444444444444,0.0,0.9522222222222223,0.014444444444444426
72,72,0.9744444444444444,0.0011111111111110628,0.9666666666666667,0.0,0.9622222222222223,0.00888888888888889
73,73,0.9811111111111112,0.007777777777777772,0.9644444444444444,0.0,0.9566666666666667,0.010000000000000009
74,74,0.9733333333333334,0.0044444444444444176,0.9622222222222222,0.0,0.9622222222222223,0.006666666666666654
75,75,0.9688888888888889,0.0,0.9666666666666667,0.0,0.9644444444444444,0.00666666666666671
76,76,0.9688888888888889,0.006666666666666654,0.9688888888888889,0.0,0.9644444444444444,0.0
77,77,0.9633333333333334,0.007777777777777772,0.9666666666666667,0.0,0.9633333333333334,0.003333333333333355
78,78,0.9644444444444444,0.011111111111111072,0.9755555555555555,0.0,0.961111111111111,0.003333333333333355
79,79,0.9755555555555555,0.00888888888888889,0.9777777777777777,0.0,0.96,0.006666666666666654
80,80,0.9688888888888889,0.006666666666666654,0.9755555555555555,0.0,0.96,0.006666666666666654
81,81,0.9722222222222223,0.0011111111111111183,0.9755555555555555,0.0,0.9577777777777778,0.002222222222222181
82,82,0.9722222222222223,0.0011111111111111183,0.98,0.0,0.9555555555555555,0.002222222222222181
83,83,0.9677777777777777,0.007777777777777772,0.9711111111111111,0.0,0.9544444444444444,0.0011111111111111183
84,84,0.9755555555555555,0.0044444444444444176,0.9777777777777777,0.0,0.9588888888888889,0.0011111111111111183
85,85,0.98,0.006666666666666654,0.98,0.0,0.9633333333333334,0.003333333333333355
86,86,0.9788888888888889,0.007777777777777772,0.9822222222222222,0.0,0.9644444444444444,0.0
87,87,0.9866666666666666,0.006666666666666654,0.9844444444444445,0.0,0.9677777777777778,0.003333333333333355
88,88,0.9822222222222222,0.004444444444444473,0.9844444444444445,0.0,0.9655555555555555,0.0011111111111111183
89,89,0.9711111111111111,0.0022222222222222365,0.9755555555555555,0.0,0.9633333333333334,0.0011111111111111183
90,90,0.9666666666666667,0.0022222222222222365,0.9733333333333334,0.0,0.96,0.0
91,91,0.9655555555555555,0.005555555555555591,0.9644444444444444,0.0,0.9633333333333334,0.003333333333333355
92,92,0.9633333333333334,0.005555555555555591,0.9622222222222222,0.0,0.9611111111111111,0.007777777777777772
93,93,0.96,0.011111111111111127,0.9688888888888889,0.0,0.9555555555555555,0.00888888888888889
94,94,0.9677777777777777,0.010000000000000009,0.9688888888888889,0.0,0.9566666666666667,0.005555555555555536
95,95,0.971111111111111,0.006666666666666654,0.9688888888888889,0.0,0.9555555555555556,0.0
96,96,0.9733333333333334,0.0044444444444444176,0.9733333333333334,0.0,0.9533333333333334,0.0044444444444444176
97,97,0.9733333333333334,0.0044444444444444176,0.9666666666666667,0.0,0.951111111111111,0.00888888888888889
98,98,0.9755555555555555,0.006666666666666654,0.9711111111111111,0.0,0.9555555555555555,0.006666666666666654
99,99,0.9722222222222222,0.0033333333333332993,0.9755555555555555,0.0,0.9555555555555555,0.011111111111111127
100,100,0.9766666666666667,0.0033333333333332993,0.9777777777777777,0.0,0.9622222222222223,0.00888888888888889
101,101,0.9744444444444444,0.005555555555555536,0.9755555555555555,0.0,0.9622222222222222,0.0022222222222222365
102,102,0.9733333333333334,0.006666666666666654,0.98,0.0,0.9566666666666667,0.005555555555555536
103,103,0.9755555555555555,0.0044444444444444176,0.98,0.0,0.9577777777777778,0.0044444444444444176
104,104,0.9744444444444444,0.0033333333333332993,0.9755555555555555,0.0,0.9577777777777778,0.0044444444444444176
105,105,0.9766666666666667,0.005555555555555536,0.9688888888888889,0.0,0.9533333333333334,0.011111111111111127
106,106,0.9777777777777779,0.0044444444444444176,0.9711111111111111,0.0,0.9544444444444444,0.016666666666666663
107,107,0.9766666666666667,0.005555555555555536,0.9688888888888889,0.0,0.951111111111111,0.006666666666666654
108,108,0.9777777777777779,0.00888888888888889,0.9644444444444444,0.0,0.9566666666666667,0.0011111111111110628
109,109,0.9766666666666666,0.0011111111111111183,0.9711111111111111,0.0,0.9544444444444444,0.0033333333333332993
110,110,0.9777777777777779,0.0044444444444444176,0.9755555555555555,0.0,0.9588888888888889,0.0011111111111111183
111,111,0.9777777777777777,0.0022222222222222365,0.9711111111111111,0.0,0.9611111111111111,0.005555555555555536
112,112,0.9744444444444444,0.0011111111111110628,0.9733333333333334,0.0,0.9566666666666667,0.0033333333333332993
113,113,0.9766666666666666,0.0011111111111111183,0.9755555555555555,0.0,0.9522222222222222,0.005555555555555536
114,114,0.9677777777777778,0.0011111111111111183,0.9755555555555555,0.0,0.9466666666666667,0.011111111111111072
115,115,0.9666666666666667,0.004444444444444473,0.9822222222222222,0.0,0.9422222222222223,0.00888888888888889
116,116,0.9655555555555555,0.005555555555555591,0.9866666666666667,0.0,0.951111111111111,0.006666666666666654
117,117,0.9644444444444444,0.004444444444444473,0.9866666666666667,0.0,0.95,0.0011111111111111183
118,118,0.9722222222222223,0.0011111111111111183,0.9888888888888889,0.0,0.9522222222222223,0.003333333333333355
119,119,0.9733333333333334,0.0044444444444444176,0.9844444444444445,0.0,0.9544444444444444,0.005555555555555536
120,120,0.9755555555555555,0.00888888888888889,0.9844444444444445,0.0,0.9588888888888889,0.005555555555555536
121,121,0.9722222222222222,0.012222222222222245,0.9777777777777777,0.0,0.9533333333333334,0.0044444444444444176
122,122,0.97,0.007777777777777772,0.9844444444444445,0.0,0.9522222222222222,0.005555555555555536
123,123,0.9666666666666667,0.0,0.98,0.0,0.9633333333333334,0.003333333333333355
124,124,0.9677777777777778,0.005555555555555591,0.9777777777777777,0.0,0.9544444444444444,0.0011111111111111183
125,125,0.97,0.012222222222222245,0.9822222222222222,0.0,0.9544444444444444,0.0033333333333332993
126,126,0.97,0.007777777777777772,0.98,0.0,0.9588888888888889,0.0011111111111111183
127,127,0.97,0.005555555555555536,0.9755555555555555,0.0,0.96,0.0
128,128,0.9733333333333334,0.0044444444444444176,0.98,0.0,0.9566666666666667,0.007777777777777772
129,129,0.9733333333333334,0.002222222222222181,0.98,0.0,0.951111111111111,0.006666666666666654
130,130,0.9733333333333334,0.0044444444444444176,0.9733333333333334,0.0,0.9444444444444444,0.006666666666666654
131,131,0.9744444444444444,0.005555555555555536,0.9577777777777777,0.0,0.9411111111111111,0.007777777777777772
132,132,0.9733333333333334,0.00888888888888889,0.9644444444444444,0.0,0.9433333333333334,0.005555555555555536
133,133,0.9733333333333334,0.00888888888888889,0.9644444444444444,0.0,0.9477777777777778,0.0011111111111111183
134,134,0.97,0.005555555555555536,0.9577777777777777,0.0,0.9455555555555556,0.007777777777777772
135,135,0.9677777777777778,0.0011111111111111183,0.9644444444444444,0.0,0.9488888888888889,0.013333333333333308
136,136,0.9655555555555555,0.0011111111111111183,0.9666666666666667,0.0,0.9488888888888889,0.00888888888888889
137,137,0.9722222222222222,0.005555555555555536,0.9644444444444444,0.0,0.9433333333333334,0.010000000000000009
138,138,0.9733333333333334,0.006666666666666654,0.9666666666666667,0.0,0.9422222222222223,0.0044444444444444176
139,139,0.9744444444444444,0.0033333333333332993,0.9822222222222222,0.0,0.9433333333333334,0.014444444444444426
140,140,0.981111111111111,0.0011111111111111183,0.98,0.0,0.9411111111111111,0.02111111111111108
141,141,0.9788888888888889,0.0011111111111111183,0.9822222222222222,0.0,0.9466666666666667,0.013333333333333308
142,142,0.9755555555555555,0.006666666666666654,0.9822222222222222,0.0,0.95,0.01222222222222219
143,143,0.98,0.006666666666666654,0.9888888888888889,0.0,0.9466666666666667,0.004444444444444473
144,144,0.98,0.004444444444444473,0.9866666666666667,0.0,0.9455555555555555,0.003333333333333355
145,145,0.9822222222222222,0.0022222222222222365,0.98,0.0,0.9377777777777778,0.002222222222222181
146,146,0.9822222222222222,0.0022222222222222365,0.9822222222222222,0.0,0.9366666666666666,0.0033333333333332993
147,147,0.9888888888888889,0.0,0.9777777777777777,0.0,0.9322222222222223,0.0011111111111111183
148,148,0.9822222222222222,0.0,0.9711111111111111,0.0,0.9333333333333333,0.004444444444444473
149,149,0.9755555555555555,0.0044444444444444176,0.98,0.0,0.9433333333333334,0.007777777777777772
150,150,0.971111111111111,0.0044444444444444176,0.9866666666666667,0.0,0.9477777777777778,0.0011111111111111183
151,151,0.9633333333333334,0.005555555555555591,0.9911111111111112,0.0,0.9522222222222223,0.0011111111111111183
152,152,0.961111111111111,0.003333333333333355,0.9911111111111112,0.0,0.9633333333333334,0.0011111111111111183
153,153,0.9666666666666667,0.004444444444444473,0.9933333333333333,0.0,0.9611111111111111,0.005555555555555536
154,154,0.9655555555555555,0.0011111111111111183,0.9911111111111112,0.0,0.9588888888888889,0.0011111111111111183
155,155,0.9722222222222223,0.0011111111111111183,0.9755555555555555,0.0,0.9633333333333334,0.003333333333333355
156,156,0.9744444444444444,0.0011111111111110628,0.9666666666666667,0.0,0.9566666666666667,0.005555555555555536
157,157,0.97,0.003333333333333355,0.9666666666666667,0.0,0.9477777777777778,0.005555555555555591
158,158,0.9766666666666666,0.0011111111111111183,0.9644444444444444,0.0,0.9411111111111111,0.014444444444444482
159,159,0.9777777777777779,0.0044444444444444176,0.9666666666666667,0.0,0.9355555555555556,0.01777777777777778
160,160,0.9833333333333334,0.003333333333333355,0.9733333333333334,0.0,0.94,0.024444444444444435
161,161,0.9766666666666666,0.0011111111111111183,0.9733333333333334,0.0,0.9466666666666667,0.020000000000000018
162,162,0.9788888888888889,0.003333333333333355,0.9688888888888889,0.0,0.9511111111111111,0.013333333333333308
163,163,0.9788888888888889,0.007777777777777772,0.9666666666666667,0.0,0.9544444444444444,0.0011111111111111183
164,164,0.9788888888888889,0.007777777777777772,0.9711111111111111,0.0,0.961111111111111,0.0011111111111111183
165,165,0.9822222222222222,0.011111111111111072,0.98,0.0,0.9566666666666667,0.0011111111111110628
166,166,0.9822222222222222,0.00666666666666671,0.9711111111111111,0.0,0.96,0.0044444444444444176
167,167,0.9766666666666666,0.0011111111111111183,0.9733333333333334,0.0,0.9566666666666667,0.010000000000000009
168,168,0.97,0.003333333333333355,0.9666666666666667,0.0,0.95,0.01222222222222219
169,169,0.9655555555555555,0.0011111111111111183,0.96,0.0,0.9555555555555555,0.013333333333333364
170,170,0.9655555555555555,0.0011111111111111183,0.9711111111111111,0.0,0.9433333333333334,0.012222222222222245
171,171,0.97,0.003333333333333355,0.9666666666666667,0.0,0.9455555555555556,0.010000000000000009
172,172,0.9766666666666667,0.005555555555555536,0.9755555555555555,0.0,0.9422222222222222,0.0022222222222222365
173,173,0.9788888888888889,0.003333333333333355,0.9844444444444445,0.0,0.9444444444444444,0.0
174,174,0.9755555555555555,0.002222222222222181,0.9866666666666667,0.0,0.9422222222222222,0.0
175,175,0.9777777777777777,0.0022222222222222365,0.9866666666666667,0.0,0.9477777777777778,0.009999999999999953
176,176,0.9755555555555555,0.0,0.9822222222222222,0.0,0.95,0.007777777777777772
177,177,0.9733333333333334,0.0,0.9755555555555555,0.0,0.95,0.0011111111111111183
178,178,0.9711111111111111,0.0022222222222222365,0.9644444444444444,0.0,0.9522222222222223,0.003333333333333355
179,179,0.9733333333333334,0.00888888888888889,0.9644444444444444,0.0,0.9511111111111111,0.0022222222222222365
180,180,0.971111111111111,0.00888888888888889,0.9666666666666667,0.0,0.9433333333333334,0.007777777777777772
181,181,0.9722222222222222,0.005555555555555536,0.9688888888888889,0.0,0.94,0.0
182,182,0.9755555555555555,0.0044444444444444176,0.9711111111111111,0.0,0.9477777777777778,0.003333333333333355
183,183,0.9744444444444444,0.0011111111111110628,0.9733333333333334,0.0,0.95,0.003333333333333355
184,184,0.9666666666666666,0.00888888888888889,0.9644444444444444,0.0,0.9566666666666667,0.0011111111111110628
185,185,0.9744444444444444,0.007777777777777772,0.9622222222222222,0.0,0.9466666666666667,0.004444444444444473
186,186,0.9688888888888889,0.0022222222222222365,0.9711111111111111,0.0,0.9444444444444444,0.0022222222222222365
187,187,0.9711111111111111,0.0022222222222222365,0.9688888888888889,0.0,0.9422222222222223,0.0044444444444444176
188,188,0.9722222222222222,0.010000000000000009,0.9777777777777777,0.0,0.9422222222222222,0.0022222222222222365
189,189,0.97,0.014444444444444426,0.9777777777777777,0.0,0.9455555555555555,0.0011111111111111183
190,190,0.9655555555555555,0.014444444444444426,0.9822222222222222,0.0,0.95,0.005555555555555591
191,191,0.9633333333333334,0.01222222222222219,0.9822222222222222,0.0,0.9444444444444444,0.0022222222222222365
192,192,0.9622222222222223,0.011111111111111127,0.9844444444444445,0.0,0.9388888888888889,0.005555555555555536
193,193,0.9677777777777778,0.0011111111111111183,0.9844444444444445,0.0,0.9333333333333333,0.0
194,194,0.9677777777777778,0.0011111111111111183,0.98,0.0,0.9355555555555555,0.0044444444444444176
195,195,0.97,0.005555555555555536,0.9777777777777777,0.0,0.9422222222222222,0.0022222222222222365
196,196,0.9688888888888889,0.006666666666666654,0.9688888888888889,0.0,0.9422222222222223,0.006666666666666654
197,197,0.9644444444444444,0.00888888888888889,0.9622222222222222,0.0,0.9344444444444444,0.005555555555555536
198,198,0.9677777777777777,0.007777777777777772,0.9555555555555556,0.0,0.9333333333333333,0.0022222222222222365
199,199,0.97,0.007777777777777772,0.9622222222222222,0.0,0.9311111111111111,0.0022222222222222365
200,200,0.9711111111111111,0.0022222222222222365,0.9577777777777777,0.0,0.9344444444444444,0.005555555555555536
201,201,0.9755555555555555,0.0,0.9688888888888889,0.0,0.9433333333333334,0.007777777777777772
202,202,0.9744444444444444,0.0011111111111110628,0.9711111111111111,0.0,0.9544444444444444,0.0011111111111111183
203,203,0.9755555555555555,0.0,0.9666666666666667,0.0,0.9533333333333334,0.0044444444444444176
204,204,0.98,0.0022222222222222365,0.9711111111111111,0.0,0.9477777777777778,0.005555555555555591
205,205,0.9777777777777777,0.0022222222222222365,0.96,0.0,0.94,0.0044444444444444176
206,206,0.9788888888888889,0.003333333333333355,0.9555555555555556,0.0,0.94,0.011111111111111127
207,207,0.9755555555555555,0.006666666666666654,0.9555555555555556,0.0,0.9344444444444444,0.003333333333333355
208,208,0.9733333333333334,0.0,0.9555555555555556,0.0,0.9355555555555555,0.011111111111111127
209,209,0.9722222222222222,0.0033333333333332993,0.9622222222222222,0.0,0.9366666666666666,0.007777777777777772
210,210,0.9777777777777779,0.006666666666666654,0.9688888888888889,0.0,0.94,0.011111111111111127
211,211,0.9788888888888889,0.003333333333333355,0.98,0.0,0.9411111111111111,0.005555555555555536
212,212,0.9833333333333334,0.003333333333333355,0.9822222222222222,0.0,0.9455555555555555,0.005555555555555591
213,213,0.9788888888888889,0.0011111111111111183,0.98,0.0,0.9533333333333334,0.0022222222222222365
214,214,0.9766666666666667,0.0033333333333332993,0.9777777777777777,0.0,0.96,0.0022222222222222365
215,215,0.9722222222222222,0.007777777777777772,0.9755555555555555,0.0,0.9511111111111111,0.004444444444444473
216,216,0.9688888888888889,0.004444444444444473,0.9688888888888889,0.0,0.95,0.003333333333333355
217,217,0.9688888888888889,0.006666666666666654,0.9688888888888889,0.0,0.9422222222222222,0.0
218,218,0.9677777777777778,0.003333333333333355,0.9644444444444444,0.0,0.9344444444444444,0.0011111111111111183
219,219,0.9644444444444444,0.0022222222222222365,0.96,0.0,0.9366666666666666,0.010000000000000009
220,220,0.9677777777777778,0.003333333333333355,0.9622222222222222,0.0,0.9422222222222223,0.006666666666666654
221,221,0.9711111111111111,0.0022222222222222365,0.9733333333333334,0.0,0.9444444444444444,0.0022222222222222365
222,222,0.9633333333333334,0.0011111111111111183,0.9711111111111111,0.0,0.9455555555555555,0.003333333333333355
223,223,0.9722222222222222,0.0033333333333332993,0.9733333333333334,0.0,0.9455555555555556,0.007777777777777772
224,224,0.9666666666666667,0.0,0.9733333333333334,0.0,0.9477777777777778,0.0011111111111111183
225,225,0.9655555555555555,0.0011111111111111183,0.9755555555555555,0.0,0.9444444444444444,0.006666666666666654
226,226,0.9655555555555555,0.003333333333333355,0.9777777777777777,0.0,0.9488888888888889,0.004444444444444473
227,227,0.9722222222222223,0.0011111111111111183,0.9777777777777777,0.0,0.9477777777777778,0.01222222222222219
228,228,0.9755555555555555,0.002222222222222181,0.9777777777777777,0.0,0.9444444444444444,0.01777777777777778
229,229,0.9766666666666666,0.0011111111111111183,0.9733333333333334,0.0,0.9466666666666667,0.004444444444444473
230,230,0.9744444444444444,0.0011111111111110628,0.9733333333333334,0.0,0.9444444444444444,0.0
231,231,0.9733333333333334,0.002222222222222181,0.9822222222222222,0.0,0.9466666666666667,0.0022222222222222365
232,232,0.9688888888888889,0.004444444444444473,0.98,0.0,0.951111111111111,0.006666666666666654
233,233,0.9666666666666667,0.004444444444444473,0.9777777777777777,0.0,0.9522222222222223,0.003333333333333355
234,234,0.9666666666666667,0.00666666666666671,0.9844444444444445,0.0,0.9522222222222223,0.014444444444444426
235,235,0.9677777777777778,0.0011111111111111183,0.9777777777777777,0.0,0.95,0.007777777777777772
236,236,0.9666666666666667,0.0022222222222222365,0.9777777777777777,0.0,0.94,0.00888888888888889
237,237,0.971111111111111,0.006666666666666654,0.9755555555555555,0.0,0.94,0.0044444444444444176
238,238,0.9688888888888889,0.006666666666666654,0.9755555555555555,0.0,0.9377777777777778,0.0
239,239,0.9755555555555555,0.0044444444444444176,0.9755555555555555,0.0,0.9322222222222223,0.0011111111111111183
240,240,0.9722222222222223,0.0011111111111111183,0.9755555555555555,0.0,0.9311111111111111,0.0022222222222222365
241,241,0.9755555555555555,0.0044444444444444176,0.9733333333333334,0.0,0.9388888888888889,0.007777777777777772
242,242,0.9722222222222223,0.0011111111111111183,0.9688888888888889,0.0,0.9355555555555556,0.0022222222222222365
243,243,0.9777777777777779,0.006666666666666654,0.9733333333333334,0.0,0.9433333333333334,0.005555555555555536
244,244,0.9744444444444444,0.007777777777777772,0.9666666666666667,0.0,0.9388888888888889,0.0033333333333332993
245,245,0.9788888888888889,0.005555555555555536,0.9688888888888889,0.0,0.94,0.0044444444444444176
