epochs target_catch std_target_catch Catch_v0 Catch_v0_std Catch_v2 Catch_v2_std Catch_v4 Catch_v4_std
0 0.25556 0.017777777777777767 0.25889 0.03 0.22667 0.0 0.25889 0.01
1 0.26333 0.014444444444444454 0.29778 0.01 0.24556 0.01 0.28444 0.0
2 0.27778 0.0022222222222222365 0.34889 0.0 0.26111 0.01 0.32333 0.0
3 0.29778 0.004444444444444445 0.37778 0.02 0.25111 0.02 0.35222 0.0
4 0.31333 0.0022222222222222088 0.38667 0.02 0.27222 0.03 0.37111 0.01
5 0.31333 0.0 0.38667 0.03 0.27667 0.02 0.40444 0.02
6 0.32778 0.003333333333333355 0.38778 0.02 0.27778 0.0 0.42444 0.02
7 0.33222 0.027777777777777762 0.40111 0.03 0.28889 0.03 0.41333 0.03
8 0.33667 0.023333333333333317 0.41222 0.03 0.31333 0.02 0.44444 0.02
9 0.35333 0.0022222222222222365 0.42444 0.05 0.33667 0.02 0.45667 0.01
10 0.38 0.024444444444444435 0.42222 0.07 0.32444 0.04 0.47111 0.01
11 0.41889 0.04777777777777778 0.42889 0.08 0.35333 0.03 0.50444 0.01
12 0.45111 0.04222222222222222 0.43444 0.07 0.39889 0.03 0.53222 0.01
13 0.49 0.032222222222222235 0.46 0.08 0.42 0.05 0.54 0.02
14 0.51 0.025555555555555554 0.47889 0.08 0.47 0.06 0.58667 0.01
15 0.53111 0.0 0.49556 0.08 0.53444 0.05 0.61111 0.01
16 0.53667 0.0011111111111111183 0.48333 0.08 0.56667 0.05 0.60889 0.02
17 0.57111 0.011111111111111072 0.47 0.08 0.58222 0.05 0.63778 0.03
18 0.61444 0.007777777777777772 0.46778 0.06 0.59 0.04 0.65444 0.04
19 0.63667 0.014444444444444426 0.44222 0.04 0.59667 0.03 0.66222 0.05
20 0.68333 0.012222222222222245 0.44222 0.06 0.61 0.01 0.66222 0.05
21 0.71444 0.025555555555555554 0.43778 0.06 0.65222 0.01 0.70333 0.07
22 0.72333 0.034444444444444444 0.44778 0.05 0.66778 0.01 0.69667 0.09
23 0.74889 0.019999999999999962 0.46222 0.08 0.69 0.02 0.69556 0.09
24 0.76333 0.03666666666666668 0.47 0.08 0.73556 0.03 0.70333 0.09
25 0.77111 0.022222222222222202 0.49222 0.07 0.74222 0.04 0.71222 0.08
26 0.8 0.015555555555555545 0.48778 0.08 0.74889 0.05 0.70444 0.06
27 0.81444 0.007777777777777772 0.49333 0.08 0.76 0.05 0.73889 0.05
28 0.83 0.005555555555555591 0.49556 0.09 0.76444 0.03 0.75667 0.05
29 0.82333 0.025555555555555554 0.48444 0.09 0.76333 0.03 0.78111 0.06
30 0.82889 0.02444444444444449 0.48889 0.09 0.78889 0.03 0.81222 0.05
31 0.83111 0.03111111111111109 0.47778 0.08 0.80222 0.02 0.82111 0.05
32 0.84222 0.028888888888888853 0.48556 0.07 0.82333 0.03 0.82444 0.06
33 0.86444 0.006666666666666654 0.46222 0.09 0.82556 0.01 0.83444 0.07
34 0.87222 0.005555555555555536 0.46 0.08 0.82778 0.01 0.83222 0.05
35 0.87667 0.01222222222222219 0.44333 0.08 0.80889 0.03 0.82778 0.06
36 0.89556 0.0022222222222222365 0.46111 0.09 0.79778 0.04 0.82667 0.05
37 0.89444 0.0011111111111111183 0.46333 0.1 0.80333 0.03 0.83333 0.04
38 0.89889 0.0011111111111111183 0.47111 0.11 0.81 0.04 0.84 0.06
39 0.91889 0.010000000000000009 0.48778 0.09 0.83 0.03 0.84111 0.07
40 0.93556 0.006666666666666654 0.47889 0.09 0.84 0.02 0.85 0.08
41 0.94 0.002222222222222181 0.47222 0.07 0.86444 0.01 0.83556 0.09
42 0.95333 0.0044444444444444176 0.49111 0.05 0.87222 0.01 0.82 0.1
43 0.95 0.007777777777777772 0.47667 0.06 0.88222 0.01 0.82444 0.1
44 0.94889 0.0 0.47667 0.05 0.89889 0.02 0.83111 0.08
45 0.94889 0.0 0.49889 0.06 0.9 0.01 0.82556 0.1
46 0.93778 0.011111111111111127 0.49556 0.07 0.89667 0.01 0.84222 0.1
47 0.94111 0.014444444444444482 0.49444 0.06 0.89444 0.01 0.83111 0.1
48 0.94 0.011111111111111127 0.48556 0.07 0.87556 0.0 0.82333 0.11
49 0.94333 0.010000000000000009 0.47111 0.08 0.88444 0.01 0.81222 0.11
50 0.93444 0.014444444444444426 0.47778 0.08 0.88889 0.02 0.82667 0.1
51 0.94444 0.0022222222222222365 0.45444 0.09 0.88667 0.02 0.82333 0.09
52 0.94444 0.0022222222222222365 0.45222 0.08 0.88556 0.03 0.82889 0.08
53 0.94778 0.0011111111111111183 0.46444 0.11 0.87333 0.03 0.83667 0.09
54 0.95444 0.010000000000000009 0.47444 0.1 0.85556 0.03 0.84 0.08
55 0.95889 0.007777777777777772 0.45889 0.1 0.85111 0.04 0.83444 0.07
56 0.96 0.0044444444444444176 0.46556 0.1 0.86333 0.04 0.83778 0.06
57 0.96778 0.003333333333333355 0.45444 0.09 0.83556 0.07 0.83667 0.07
58 0.97333 0.002222222222222181 0.45222 0.07 0.81333 0.1 0.83333 0.06
59 0.96444 0.0022222222222222365 0.44667 0.07 0.81444 0.12 0.82222 0.08
60 0.95889 0.005555555555555536 0.45444 0.07 0.79889 0.13 0.80778 0.1
61 0.95667 0.007777777777777772 0.44444 0.1 0.78222 0.14 0.79 0.1
62 0.95667 0.007777777777777772 0.43778 0.1 0.79111 0.14 0.77111 0.12
63 0.95667 0.007777777777777772 0.44 0.09 0.80667 0.12 0.76889 0.11
64 0.95556 0.00888888888888889 0.45556 0.09 0.79333 0.14 0.77333 0.1
65 0.95778 0.002222222222222181 0.46 0.08 0.79556 0.14 0.78889 0.08
66 0.95889 0.005555555555555536 0.45111 0.08 0.81889 0.14 0.79444 0.08
67 0.96444 0.00666666666666671 0.46222 0.08 0.83111 0.13 0.81444 0.08
68 0.96444 0.011111111111111072 0.45889 0.06 0.83111 0.14 0.81667 0.08
69 0.96444 0.00888888888888889 0.44778 0.07 0.83889 0.13 0.81778 0.08
70 0.96222 0.006666666666666654 0.45111 0.08 0.83333 0.13 0.79778 0.08
71 0.96444 0.004444444444444473 0.45889 0.08 0.83222 0.13 0.79444 0.08
72 0.96778 0.0011111111111111183 0.45778 0.11 0.84 0.12 0.79778 0.06
73 0.97222 0.0011111111111111183 0.47556 0.12 0.85 0.11 0.79333 0.07
74 0.97556 0.002222222222222181 0.47889 0.13 0.84333 0.1 0.80778 0.07
75 0.97556 0.002222222222222181 0.47556 0.11 0.84667 0.1 0.81778 0.06
76 0.97222 0.005555555555555536 0.47444 0.09 0.83778 0.11 0.81222 0.06
77 0.96889 0.00888888888888889 0.45333 0.07 0.83333 0.12 0.81222 0.07
78 0.96556 0.005555555555555591 0.43222 0.07 0.84778 0.11 0.79667 0.08
79 0.96667 0.00888888888888889 0.42 0.08 0.84889 0.11 0.77889 0.08
80 0.96778 0.010000000000000009 0.42667 0.07 0.85333 0.1 0.77778 0.09
81 0.96667 0.004444444444444473 0.43222 0.09 0.85111 0.11 0.76667 0.09
82 0.96667 0.00666666666666671 0.44333 0.07 0.84556 0.1 0.75333 0.12
83 0.96778 0.0011111111111111183 0.44111 0.07 0.83667 0.09 0.76333 0.09
84 0.96778 0.0011111111111111183 0.45444 0.08 0.84667 0.08 0.76111 0.09
85 0.97556 0.0 0.45111 0.07 0.85 0.07 0.76667 0.1
86 0.97444 0.005555555555555536 0.45 0.09 0.85222 0.06 0.77333 0.08
87 0.97556 0.0 0.45 0.09 0.84444 0.08 0.78556 0.06
88 0.97111 0.0044444444444444176 0.45333 0.09 0.83667 0.07 0.78556 0.06
89 0.96778 0.005555555555555591 0.44556 0.08 0.84556 0.07 0.78111 0.07
90 0.97 0.005555555555555536 0.45667 0.07 0.83778 0.07 0.78667 0.07
91 0.96556 0.0011111111111111183 0.46333 0.07 0.84667 0.07 0.77889 0.07
92 0.97222 0.005555555555555536 0.46667 0.08 0.84778 0.07 0.78222 0.09
93 0.97222 0.0011111111111111183 0.48333 0.09 0.83444 0.07 0.76667 0.1
94 0.97 0.010000000000000009 0.48667 0.11 0.83111 0.08 0.75 0.1
95 0.97 0.003333333333333355 0.47556 0.12 0.82667 0.09 0.74667 0.12
96 0.97 0.003333333333333355 0.47556 0.12 0.81222 0.1 0.73889 0.14
97 0.96333 0.005555555555555591 0.46444 0.12 0.82444 0.11 0.72667 0.13
98 0.96222 0.0022222222222222365 0.44778 0.1 0.81556 0.1 0.73111 0.13
99 0.97222 0.0033333333333332993 0.43111 0.07 0.82889 0.1 0.74222 0.12
100 0.96889 0.0 0.44667 0.07 0.84 0.1 0.72333 0.11
101 0.97 0.0011111111111111183 0.44778 0.07 0.83778 0.1 0.73778 0.1
102 0.97222 0.0033333333333332993 0.46333 0.09 0.83667 0.12 0.74444 0.09
103 0.97222 0.0011111111111111183 0.47778 0.1 0.83778 0.13 0.74111 0.07
104 0.96889 0.0022222222222222365 0.45889 0.11 0.82444 0.13 0.76889 0.07
105 0.97222 0.0011111111111111183 0.45556 0.1 0.83333 0.12 0.76556 0.07
106 0.97333 0.0 0.44111 0.09 0.83667 0.11 0.77444 0.07
107 0.97222 0.0033333333333332993 0.45 0.08 0.84444 0.11 0.77444 0.08
108 0.97333 0.0044444444444444176 0.45556 0.07 0.84333 0.12 0.77111 0.07
109 0.97667 0.0011111111111111183 0.47889 0.07 0.84222 0.11 0.75667 0.08
110 0.96889 0.004444444444444473 0.50778 0.07 0.85 0.11 0.75667 0.09
111 0.97 0.007777777777777772 0.48333 0.08 0.83556 0.14 0.76 0.1
112 0.97111 0.006666666666666654 0.48444 0.09 0.82778 0.13 0.74444 0.11
113 0.97222 0.0011111111111111183 0.48778 0.09 0.83667 0.13 0.74556 0.11
114 0.97667 0.0033333333333332993 0.47667 0.09 0.82889 0.14 0.74333 0.11
115 0.97889 0.003333333333333355 0.47889 0.09 0.83222 0.12 0.74111 0.1
116 0.97444 0.014444444444444482 0.48556 0.07 0.82556 0.13 0.73667 0.09
117 0.97333 0.0155555555555556 0.48333 0.07 0.82889 0.11 0.74667 0.08
118 0.97 0.014444444444444426 0.47778 0.07 0.82444 0.11 0.75 0.1
119 0.96778 0.014444444444444426 0.47333 0.07 0.82444 0.11 0.73444 0.11
120 0.97111 0.011111111111111127 0.45778 0.08 0.83 0.1 0.74889 0.12
121 0.97667 0.0033333333333332993 0.48 0.11 0.82444 0.11 0.74444 0.13
122 0.97556 0.0044444444444444176 0.48889 0.11 0.83778 0.1 0.74222 0.13
123 0.98 0.0 0.46556 0.08 0.84 0.1 0.74222 0.13
124 0.97333 0.002222222222222181 0.48333 0.08 0.84111 0.1 0.75667 0.12
125 0.97222 0.0011111111111111183 0.49111 0.06 0.83222 0.1 0.75 0.12
126 0.97111 0.0022222222222222365 0.47667 0.05 0.82667 0.1 0.73889 0.13
127 0.97556 0.002222222222222181 0.49889 0.08 0.80667 0.1 0.74222 0.12
128 0.96889 0.004444444444444473 0.48889 0.09 0.8 0.11 0.75556 0.11
129 0.97 0.0011111111111111183 0.49667 0.1 0.81 0.11 0.75778 0.1
130 0.96889 0.0022222222222222365 0.49333 0.09 0.82778 0.1 0.76889 0.07
131 0.96667 0.004444444444444473 0.48667 0.08 0.84333 0.1 0.79111 0.05
132 0.96556 0.003333333333333355 0.48889 0.06 0.85778 0.08 0.79222 0.07
133 0.97444 0.007777777777777772 0.47333 0.06 0.86111 0.06 0.78 0.08
134 0.97667 0.0011111111111111183 0.45667 0.05 0.83889 0.06 0.78111 0.08
135 0.97667 0.0033333333333332993 0.45 0.05 0.82 0.08 0.77778 0.09
136 0.97 0.003333333333333355 0.44333 0.05 0.82111 0.08 0.75333 0.1
137 0.97222 0.0033333333333332993 0.43556 0.04 0.83444 0.09 0.75 0.09
138 0.96556 0.003333333333333355 0.46 0.04 0.85222 0.08 0.75111 0.09
139 0.96667 0.0022222222222222365 0.48222 0.06 0.86667 0.08 0.75667 0.11
140 0.96889 0.0022222222222222365 0.49 0.07 0.86667 0.06 0.74889 0.1
141 0.97222 0.0033333333333332993 0.47667 0.08 0.88444 0.05 0.76667 0.08
142 0.97667 0.007777777777777772 0.47556 0.1 0.89444 0.04 0.77667 0.08
143 0.97889 0.005555555555555536 0.43889 0.1 0.88444 0.04 0.76222 0.08
144 0.98 0.00888888888888889 0.44 0.1 0.88444 0.03 0.75667 0.09
145 0.97778 0.006666666666666654 0.46222 0.1 0.88333 0.03 0.76111 0.09
146 0.98222 0.0022222222222222365 0.46222 0.09 0.87222 0.04 0.76222 0.1
147 0.97222 0.0033333333333332993 0.48444 0.08 0.87222 0.04 0.76778 0.09
148 0.97 0.0011111111111111183 0.49556 0.07 0.87111 0.04 0.75778 0.11
149 0.96889 0.0022222222222222365 0.49444 0.05 0.86222 0.05 0.75556 0.12
150 0.97111 0.0044444444444444176 0.49333 0.04 0.85889 0.06 0.75667 0.13
151 0.97556 0.0044444444444444176 0.48222 0.05 0.86556 0.05 0.74667 0.13
152 0.97889 0.005555555555555536 0.47111 0.04 0.86333 0.05 0.74556 0.15
153 0.98111 0.005555555555555591 0.47 0.05 0.87222 0.04 0.73889 0.14
154 0.98222 0.004444444444444473 0.46889 0.07 0.87333 0.04 0.73889 0.11
155 0.97889 0.003333333333333355 0.46778 0.07 0.88889 0.03 0.73667 0.1
156 0.97111 0.0044444444444444176 0.49889 0.09 0.89556 0.04 0.74 0.1
157 0.96778 0.007777777777777772 0.49444 0.09 0.89556 0.03 0.75889 0.08
158 0.96889 0.006666666666666654 0.48556 0.08 0.90667 0.03 0.79889 0.07
159 0.96444 0.00666666666666671 0.46667 0.09 0.89889 0.04 0.78667 0.09
160 0.97333 0.0044444444444444176 0.45333 0.09 0.89222 0.03 0.79778 0.1
161 0.97778 0.0022222222222222365 0.45778 0.1 0.88667 0.02 0.81667 0.09
162 0.97667 0.0033333333333332993 0.46444 0.1 0.89444 0.01 0.8 0.12
163 0.97778 0.0022222222222222365 0.48222 0.11 0.89556 0.01 0.80333 0.12
164 0.97556 0.006666666666666654 0.47444 0.11 0.89 0.01 0.80222 0.11
165 0.97778 0.011111111111111127 0.48222 0.11 0.89333 0.01 0.78556 0.11
166 0.97889 0.007777777777777772 0.47889 0.11 0.89222 0.02 0.78889 0.1
167 0.97333 0.00888888888888889 0.47889 0.11 0.89778 0.03 0.79778 0.1
168 0.97111 0.00888888888888889 0.47667 0.08 0.91444 0.02 0.8 0.11
169 0.97 0.003333333333333355 0.47222 0.08 0.91 0.01 0.79444 0.12
170 0.97 0.005555555555555536 0.46444 0.08 0.90889 0.01 0.80778 0.12
171 0.97111 0.0022222222222222365 0.47444 0.07 0.90333 0.01 0.80889 0.12
172 0.97111 0.0044444444444444176 0.49333 0.08 0.89222 0.01 0.81333 0.11
173 0.97222 0.0011111111111111183 0.48222 0.06 0.89667 0.01 0.81778 0.1
174 0.97556 0.002222222222222181 0.48667 0.06 0.88 0.01 0.79222 0.13
175 0.97778 0.0022222222222222365 0.48667 0.07 0.88556 0.01 0.80333 0.12
176 0.97889 0.003333333333333355 0.46778 0.07 0.88889 0.0 0.79556 0.14
177 0.97889 0.005555555555555536 0.48333 0.08 0.89222 0.01 0.79889 0.13
178 0.98222 0.00888888888888889 0.49222 0.08 0.89778 0.02 0.80667 0.13
179 0.97667 0.005555555555555536 0.47667 0.09 0.90222 0.01 0.81111 0.12
180 0.97556 0.002222222222222181 0.48667 0.09 0.89 0.03 0.79444 0.12
181 0.97 0.0011111111111111183 0.47111 0.1 0.88333 0.03 0.78889 0.12
182 0.97 0.005555555555555536 0.46889 0.11 0.87778 0.03 0.77111 0.12
183 0.96778 0.003333333333333355 0.46333 0.1 0.86889 0.03 0.76111 0.13
184 0.97222 0.0011111111111111183 0.47667 0.09 0.87111 0.04 0.77333 0.13
185 0.97556 0.002222222222222181 0.47222 0.08 0.87778 0.02 0.76222 0.15
186 0.97667 0.0011111111111111183 0.46889 0.08 0.87333 0.04 0.74556 0.15
187 0.97 0.0011111111111111183 0.48667 0.08 0.87 0.05 0.74333 0.17
188 0.97222 0.0033333333333332993 0.47222 0.07 0.86 0.07 0.73889 0.15
189 0.97 0.003333333333333355 0.48 0.06 0.85333 0.08 0.72889 0.17
190 0.97333 0.0044444444444444176 0.47444 0.05 0.83778 0.08 0.75333 0.14
191 0.97333 0.002222222222222181 0.47556 0.05 0.84111 0.07 0.75556 0.14
192 0.97667 0.0033333333333332993 0.49556 0.06 0.83 0.06 0.76667 0.13
193 0.98111 0.003333333333333355 0.46778 0.07 0.83889 0.05 0.77111 0.13
194 0.98 0.004444444444444473 0.46667 0.07 0.84778 0.06 0.77333 0.14
195 0.97889 0.005555555555555536 0.47111 0.07 0.85778 0.05 0.77222 0.12
196 0.97889 0.003333333333333355 0.46778 0.07 0.85222 0.05 0.76778 0.12
197 0.97444 0.0011111111111110628 0.48667 0.07 0.85222 0.05 0.75889 0.13
198 0.97667 0.0011111111111111183 0.49556 0.06 0.85222 0.05 0.75 0.14
199 0.97 0.0011111111111111183 0.48667 0.07 0.84778 0.05 0.74 0.14
200 0.96778 0.0011111111111111183 0.49111 0.07 0.85778 0.05 0.75444 0.15
201 0.97111 0.0022222222222222365 0.50111 0.09 0.86 0.06 0.74333 0.15
202 0.96222 0.0022222222222222365 0.51667 0.08 0.84556 0.07 0.74889 0.14
203 0.96333 0.0011111111111111183 0.52 0.06 0.83889 0.07 0.76556 0.11
204 0.96889 0.0022222222222222365 0.49889 0.09 0.84 0.07 0.77222 0.11
205 0.97 0.0011111111111111183 0.48444 0.08 0.82778 0.07 0.76444 0.12
206 0.97222 0.0011111111111111183 0.48778 0.09 0.83667 0.07 0.76333 0.12
207 0.97444 0.0033333333333332993 0.47778 0.11 0.82667 0.04 0.74 0.14
208 0.97444 0.0011111111111110628 0.47889 0.1 0.82889 0.06 0.72222 0.14
209 0.96889 0.004444444444444473 0.50444 0.11 0.81667 0.06 0.72889 0.13
210 0.96889 0.004444444444444473 0.51444 0.1 0.82111 0.07 0.74111 0.13
211 0.96889 0.004444444444444473 0.50778 0.09 0.81667 0.07 0.74889 0.11
212 0.96778 0.003333333333333355 0.51556 0.09 0.81444 0.08 0.77222 0.11
213 0.96889 0.011111111111111127 0.50778 0.07 0.81333 0.08 0.78222 0.1
214 0.96667 0.00666666666666671 0.48333 0.07 0.81889 0.07 0.78667 0.1
215 0.97444 0.0011111111111110628 0.46556 0.07 0.80667 0.06 0.77889 0.1
216 0.97556 0.002222222222222181 0.46444 0.08 0.79667 0.07 0.77889 0.11
217 0.98111 0.007777777777777772 0.45111 0.07 0.80222 0.07 0.75889 0.13
218 0.98 0.00888888888888889 0.46222 0.1 0.79222 0.07 0.75111 0.14
219 0.98111 0.003333333333333355 0.47444 0.1 0.78667 0.08 0.74667 0.15
220 0.97556 0.006666666666666654 0.48556 0.11 0.79333 0.08 0.74667 0.14
221 0.97556 0.0 0.50333 0.09 0.79444 0.07 0.74667 0.14
222 0.97556 0.0 0.51222 0.07 0.79667 0.08 0.76667 0.11
223 0.97 0.005555555555555536 0.51333 0.07 0.80556 0.07 0.75 0.13
224 0.96778 0.010000000000000009 0.50556 0.07 0.80556 0.06 0.76 0.11
225 0.96667 0.00888888888888889 0.48 0.09 0.79778 0.07 0.74 0.12
226 0.96444 0.011111111111111072 0.48222 0.08 0.80222 0.08 0.73444 0.14
227 0.96111 0.007777777777777772 0.46444 0.08 0.81444 0.08 0.72889 0.15
228 0.96889 0.0022222222222222365 0.49111 0.07 0.81 0.08 0.73222 0.14
229 0.96333 0.0011111111111111183 0.5 0.05 0.82222 0.09 0.74 0.14
230 0.96222 0.00888888888888889 0.49111 0.05 0.82667 0.09 0.73556 0.14
231 0.96889 0.004444444444444473 0.49222 0.06 0.82222 0.08 0.74444 0.14
232 0.96667 0.004444444444444473 0.48444 0.07 0.81444 0.08 0.73556 0.14
233 0.96778 0.003333333333333355 0.45111 0.06 0.81667 0.07 0.73333 0.16
234 0.97222 0.0033333333333332993 0.46889 0.06 0.80889 0.07 0.72889 0.16
235 0.97111 0.006666666666666654 0.48333 0.06 0.81 0.08 0.75111 0.16
236 0.97556 0.006666666666666654 0.48333 0.03 0.80556 0.11 0.76111 0.14
237 0.97444 0.007777777777777772 0.49889 0.04 0.81 0.11 0.76889 0.13
238 0.97444 0.0011111111111110628 0.49667 0.07 0.81667 0.1 0.77444 0.12
239 0.97556 0.00888888888888889 0.50111 0.06 0.81667 0.09 0.75889 0.11
240 0.97444 0.012222222222222245 0.48111 0.07 0.80889 0.1 0.74556 0.13
241 0.97667 0.005555555555555536 0.46889 0.07 0.81222 0.09 0.75111 0.13
242 0.97333 0.0044444444444444176 0.48556 0.06 0.80889 0.1 0.74444 0.14
243 0.97222 0.005555555555555536 0.48222 0.06 0.80667 0.1 0.75556 0.14
244 0.96667 0.0 0.48111 0.06 0.80111 0.11 0.76444 0.14
245 0.96444 0.0022222222222222365 0.48889 0.06 0.82222 0.1 0.76889 0.14
