P	Sigmoid	Derivative
-10	4.53978687024344E-05	4.53958077359517E-05
-9.8994974874	5.01973818966903E-05	5.0194862119541E-05
-9.7989949749	5.55042768016518E-05	5.55011960769086E-05
-9.6984924623	6.13721851289957E-05	6.13684185838882E-05
-9.5979899497	6.78604062213958E-05	6.78558011866633E-05
-9.4974874372	7.50345056792633E-05	7.50288755022208E-05
-9.3969849246	0.000082967	8.29600936271901E-05
-9.2964824121	0.000091738	9.1729558047597E-05
-9.1959798995	0.0001014361	0.0001014258
-9.0954773869	0.0001121594	0.0001121468
-8.9949748744	0.0001240161	0.0001240008
-8.8944723618	0.0001371261	0.0001371073
-8.7939698492	0.0001516218	0.0001515988
-8.6934673367	0.0001676495	0.0001676214
-8.5929648241	0.0001853712	0.0001853368
-8.4924623116	0.0002049658	0.0002049238
-8.391959799	0.0002266312	0.0002265799
-8.2914572864	0.0002505861	0.0002505233
-8.1909547739	0.0002770724	0.0002769956
-8.0904522613	0.0003063572	0.0003062634
-7.9899497487	0.0003387363	0.0003386216
-7.8894472362	0.0003745363	0.000374396
-7.7889447236	0.0004141183	0.0004139468
-7.6884422111	0.0004578815	0.0004576718
-7.5879396985	0.0005062671	0.0005060108
-7.4874371859	0.000559763	0.0005594496
-7.3869346734	0.0006189081	0.000618525
-7.2864321608	0.0006842983	0.00068383
-7.1859296482	0.0007565919	0.0007560195
-7.0854271357	0.0008365168	0.000835817
-6.9849246231	0.0009248769	0.0009240215
-6.8844221106	0.0010225608	0.0010215152
-6.783919598	0.0011305503	0.0011292721
-6.6834170854	0.0012499299	0.0012483676
-6.5829145729	0.0013818979	0.0013799883
-6.4824120603	0.0015277778	0.0015254437
-6.3819095477	0.0016890315	0.0016861786
-6.2814070352	0.0018672733	0.0018637866
-6.1809045226	0.0020642859	0.0020600246
-6.0804020101	0.0022820374	0.0022768297
-5.9798994975	0.0025227003	0.0025163363
-5.8793969849	0.0027886726	0.0027808959
-5.7788944724	0.0030826002	0.0030730977
-5.6783919598	0.0034074019	0.0033957915
-5.5778894472	0.0037662975	0.0037521125
-5.4773869347	0.004162837	0.0041455078
-5.3768844221	0.0046009339	0.0045797653
-5.2763819095	0.0050849007	0.0050590445
-5.175879397	0.0056194879	0.0055879093
-5.0753768844	0.0062099268	0.0061713636
-4.9748743719	0.0068619749	0.0068148882
-4.8743718593	0.0075819662	0.00752448
-4.7738693467	0.0083768654	0.0083066935
-4.6733668342	0.0092543252	0.0091686827
-4.5728643216	0.0102227497	0.0101182451
-4.472361809	0.0112913605	0.0111638657
-4.3718592965	0.0124702687	0.0123147611
-4.2713567839	0.01377055	0.0135809219
-4.1708542714	0.0152043248	0.0149731533
-4.0703517588	0.016784842	0.0165031111
-3.9698492462	0.018526566	0.0181833323
-3.8693467337	0.0204452663	0.0200272574
-3.7688442211	0.0225581094	0.0220492411
-3.6683417085	0.0248837501	0.0242645491
-3.567839196	0.0274424225	0.026689336
-3.4673366834	0.0302560271	0.0293405999
-3.3668341709	0.0333482122	0.032236109
-3.2663316583	0.0367444462	0.0353942919
-3.1658291457	0.0404720767	0.0388340877
-3.0653266332	0.044560372	0.0425747453
-2.9648241206	0.0490405404	0.0466355658
-2.864321608	0.0539457191	0.0510355785
-2.7638190955	0.0593109277	0.0557931415
-2.6633165829	0.0651729774	0.0609254605
-2.5628140704	0.0715703273	0.0664480155
-2.4623115578	0.0785428777	0.072373894
-2.3618090452	0.0861316924	0.078713024
-2.2613065327	0.0943786387	0.0854713113
-2.1608040201	0.1033259355	0.0926496865
-2.0603015075	0.1130156025	0.1002430761
-1.959798995	0.1234888026	0.1082393182
-1.8592964824	0.1347850737	0.1166180576
-1.7587939698	0.1469414509	0.1253496609
-1.6582914573	0.1599914818	0.1343942076
-1.5577889447	0.173964148	0.1437006232
-1.4572864322	0.1888827092	0.1532060314
-1.3567839196	0.2047634968	0.1628354072
-1.256281407	0.2216146914	0.17250162
-1.1557788945	0.2394351279	0.1821059474
-1.0552763819	0.2582131786	0.191539133
-0.9547738693	0.2779257725	0.2006830375
-0.8542713568	0.2985376113	0.2094129059
-0.7537688442	0.3200006437	0.2176002317
-0.6532663317	0.3422538549	0.2251161537
-0.5527638191	0.3652234199	0.2318352734
-0.4522613065	0.3888232549	0.2376397313
-0.351758794	0.4129559832	0.2424233391
-0.2512562814	0.4375143096	0.2460955385
-0.1507537688	0.4623827738	0.2485849443
-0.0502512563	0.4874398289	0.2498422421
0.0502512563	0.5125601711	0.2498422421
0.1507537688	0.5376172262	0.2485849443
0.2512562814	0.5624856904	0.2460955385
0.351758794	0.5870440168	0.2424233391
0.4522613065	0.6111767451	0.2376397313
0.5527638191	0.6347765801	0.2318352734
0.6532663317	0.6577461451	0.2251161537
0.7537688442	0.6799993563	0.2176002317
0.8542713568	0.7014623887	0.2094129059
0.9547738693	0.7220742275	0.2006830375
1.0552763819	0.7417868214	0.191539133
1.1557788945	0.7605648721	0.1821059474
1.256281407	0.7783853086	0.17250162
1.3567839196	0.7952365032	0.1628354072
1.4572864322	0.8111172908	0.1532060314
1.5577889447	0.826035852	0.1437006232
1.6582914573	0.8400085182	0.1343942076
1.7587939698	0.8530585491	0.1253496609
1.8592964824	0.8652149263	0.1166180576
1.959798995	0.8765111974	0.1082393182
2.0603015075	0.8869843975	0.1002430761
2.1608040201	0.8966740645	0.0926496865
2.2613065327	0.9056213613	0.0854713113
2.3618090452	0.9138683076	0.078713024
2.4623115578	0.9214571223	0.072373894
2.5628140704	0.9284296727	0.0664480155
2.6633165829	0.9348270226	0.0609254605
2.7638190955	0.9406890723	0.0557931415
2.864321608	0.9460542809	0.0510355785
2.9648241206	0.9509594596	0.0466355658
3.0653266332	0.955439628	0.0425747453
3.1658291457	0.9595279233	0.0388340877
3.2663316583	0.9632555538	0.0353942919
3.3668341709	0.9666517878	0.032236109
3.4673366834	0.9697439729	0.0293405999
3.567839196	0.9725575775	0.026689336
3.6683417085	0.9751162499	0.0242645491
3.7688442211	0.9774418906	0.0220492411
3.8693467337	0.9795547337	0.0200272574
3.9698492462	0.981473434	0.0181833323
4.0703517588	0.983215158	0.0165031111
4.1708542714	0.9847956752	0.0149731533
4.2713567839	0.98622945	0.0135809219
4.3718592965	0.9875297313	0.0123147611
4.472361809	0.9887086395	0.0111638657
4.5728643216	0.9897772503	0.0101182451
4.6733668342	0.9907456748	0.0091686827
4.7738693467	0.9916231346	0.0083066935
4.8743718593	0.9924180338	0.00752448
4.9748743719	0.9931380251	0.0068148882
5.0753768844	0.9937900732	0.0061713636
5.175879397	0.9943805121	0.0055879093
5.2763819095	0.9949150993	0.0050590445
5.3768844221	0.9953990661	0.0045797653
5.4773869347	0.995837163	0.0041455078
5.5778894472	0.9962337025	0.0037521125
5.6783919598	0.9965925981	0.0033957915
5.7788944724	0.9969173998	0.0030730977
5.8793969849	0.9972113274	0.0027808959
5.9798994975	0.9974772997	0.0025163363
6.0804020101	0.9977179626	0.0022768297
6.1809045226	0.9979357141	0.0020600246
6.2814070352	0.9981327267	0.0018637866
6.3819095477	0.9983109685	0.0016861786
6.4824120603	0.9984722222	0.0015254437
6.5829145729	0.9986181021	0.0013799883
6.6834170854	0.9987500701	0.0012483676
6.783919598	0.9988694497	0.0011292721
6.8844221106	0.9989774392	0.0010215152
6.9849246231	0.9990751231	0.0009240215
7.0854271357	0.9991634832	0.000835817
7.1859296482	0.9992434081	0.0007560195
7.2864321608	0.9993157017	0.00068383
7.3869346734	0.9993810919	0.000618525
7.4874371859	0.999440237	0.0005594496
7.5879396985	0.9994937329	0.0005060108
7.6884422111	0.9995421185	0.0004576718
7.7889447236	0.9995858817	0.0004139468
7.8894472362	0.9996254637	0.000374396
7.9899497487	0.9996612637	0.0003386216
8.0904522613	0.9996936428	0.0003062634
8.1909547739	0.9997229276	0.0002769956
8.2914572864	0.9997494139	0.0002505233
8.391959799	0.9997733688	0.0002265799
8.4924623116	0.9997950342	0.0002049238
8.5929648241	0.9998146288	0.0001853368
8.6934673367	0.9998323505	0.0001676214
8.7939698492	0.9998483782	0.0001515988
8.8944723618	0.9998628739	0.0001371073
8.9949748744	0.9998759839	0.0001240008
9.0954773869	0.9998878406	0.0001121468
9.1959798995	0.9998985639	0.0001014258
9.2964824121	0.999908262	9.17295580476381E-05
9.3969849246	0.999917033	8.29600936271957E-05
9.4974874372	0.9999249655	7.50288755022075E-05
9.5979899497	0.9999321396	6.7855801186688E-05
9.6984924623	0.9999386278	6.13684185838087E-05
9.7989949749	0.9999444957	5.55011960768224E-05
9.8994974874	0.9999498026	5.01948621195612E-05
10	0.9999546021	4.53958077359077E-05

