epochs target_catch std_target_catch Catch_v0 Catch_v0_std Catch_v3 Catch_v3_std Catch_v4 Catch_v4_std
0 0.23111 0.015555555555555559 0.26444 0.01 0.24778 0.01 0.24556 0.0
1 0.23111 0.011111111111111113 0.26222 0.01 0.24556 0.0 0.24333 0.01
2 0.25222 0.01444444444444444 0.26222 0.0 0.24111 0.01 0.26222 0.01
3 0.25667 0.014444444444444454 0.26667 0.0 0.25333 0.01 0.25333 0.0
4 0.24444 0.006666666666666668 0.27556 0.01 0.24556 0.01 0.25222 0.01
5 0.24889 0.01777777777777778 0.25889 0.0 0.24778 0.01 0.25444 0.02
6 0.23778 0.02444444444444445 0.25111 0.01 0.26222 0.0 0.26556 0.02
7 0.23222 0.030000000000000013 0.25222 0.02 0.26222 0.0 0.27111 0.02
8 0.25889 0.03222222222222222 0.25333 0.03 0.25667 0.0 0.27222 0.02
9 0.27 0.010000000000000009 0.25667 0.04 0.25667 0.01 0.26556 0.0
10 0.27667 0.003333333333333355 0.29889 0.02 0.25222 0.01 0.25444 0.0
11 0.28333 0.010000000000000009 0.3 0.02 0.24222 0.02 0.25333 0.0
12 0.27889 0.007777777777777772 0.30222 0.01 0.23667 0.0 0.25111 0.01
13 0.27222 0.0011111111111110905 0.31 0.01 0.25778 0.01 0.24778 0.0
14 0.27556 0.00888888888888889 0.29889 0.02 0.25222 0.01 0.26778 0.0
15 0.28333 0.016666666666666663 0.29667 0.03 0.23222 0.01 0.26444 0.01
16 0.28556 0.016666666666666663 0.30556 0.03 0.24333 0.01 0.27222 0.01
17 0.29111 0.013333333333333336 0.32111 0.03 0.23 0.0 0.27222 0.01
18 0.27333 0.0 0.31111 0.03 0.23222 0.0 0.28444 0.01
19 0.28778 0.009999999999999981 0.31444 0.02 0.25444 0.02 0.28444 0.0
20 0.28222 0.031111111111111117 0.31 0.02 0.26333 0.04 0.28444 0.0
21 0.28333 0.02111111111111111 0.29889 0.02 0.26111 0.02 0.30889 0.01
22 0.28889 0.017777777777777753 0.31889 0.03 0.26556 0.03 0.30222 0.01
23 0.27444 0.0188888888888889 0.32222 0.02 0.27111 0.02 0.31889 0.02
24 0.28222 0.004444444444444445 0.32667 0.01 0.27111 0.02 0.31556 0.0
25 0.27778 0.006666666666666654 0.33 0.02 0.26778 0.02 0.30778 0.0
26 0.28556 0.003333333333333327 0.34889 0.02 0.27 0.02 0.30778 0.01
27 0.26889 0.0022222222222222365 0.33778 0.02 0.26 0.02 0.29667 0.0
28 0.28889 0.008888888888888863 0.35111 0.02 0.25667 0.03 0.29444 0.0
29 0.28333 0.016666666666666663 0.34889 0.02 0.25889 0.01 0.30556 0.0
30 0.28778 0.007777777777777772 0.32333 0.02 0.24222 0.01 0.30111 0.01
31 0.29222 0.02111111111111111 0.32111 0.01 0.24111 0.01 0.30667 0.01
32 0.28778 0.025555555555555554 0.31778 0.03 0.25333 0.0 0.31889 0.01
33 0.27889 0.014444444444444454 0.31556 0.04 0.26889 0.02 0.31556 0.01
34 0.27333 0.01999999999999999 0.33 0.03 0.28 0.02 0.32333 0.02
35 0.27222 0.003333333333333327 0.33889 0.03 0.27667 0.04 0.33556 0.01
36 0.28 0.011111111111111101 0.33444 0.02 0.27111 0.02 0.32444 0.02
37 0.29 0.0011111111111111183 0.34111 0.0 0.28778 0.0 0.32556 0.01
38 0.30333 0.003333333333333327 0.35 0.0 0.27333 0.01 0.31444 0.01
39 0.31 0.007777777777777772 0.36333 0.0 0.27778 0.01 0.30222 0.01
40 0.31556 0.004444444444444445 0.36778 0.01 0.28333 0.0 0.30444 0.0
41 0.32556 0.0011111111111111183 0.38222 0.02 0.27889 0.02 0.31778 0.0
42 0.32 0.022222222222222227 0.39889 0.02 0.27444 0.02 0.32111 0.0
43 0.32444 0.031111111111111117 0.38889 0.01 0.28 0.03 0.32111 0.0
44 0.31111 0.024444444444444435 0.38889 0.03 0.28667 0.01 0.33556 0.0
45 0.29778 0.033333333333333354 0.38222 0.04 0.28111 0.01 0.33889 0.01
46 0.28889 0.024444444444444467 0.37667 0.03 0.28667 0.01 0.32556 0.01
47 0.30333 0.023333333333333317 0.37889 0.05 0.27889 0.01 0.34333 0.01
48 0.3 0.022222222222222227 0.37778 0.06 0.29222 0.01 0.33556 0.02
49 0.29556 0.01999999999999999 0.38444 0.07 0.28222 0.02 0.32556 0.01
50 0.30222 0.013333333333333336 0.37444 0.07 0.28222 0.01 0.34222 0.01
51 0.30333 0.014444444444444454 0.38 0.1 0.29889 0.01 0.33778 0.0
52 0.31667 0.007777777777777772 0.39222 0.1 0.30444 0.01 0.35111 0.0
53 0.33111 0.0 0.40667 0.09 0.29222 0.01 0.35111 0.0
54 0.33667 0.025555555555555554 0.41444 0.08 0.30889 0.01 0.32778 0.0
55 0.32889 0.022222222222222227 0.41889 0.06 0.31222 0.02 0.33333 0.01
56 0.33111 0.006666666666666682 0.44111 0.06 0.31556 0.02 0.31889 0.0
57 0.32444 0.006666666666666682 0.42222 0.05 0.32222 0.02 0.32778 0.01
58 0.32667 0.015555555555555545 0.42667 0.06 0.31556 0.03 0.34 0.02
59 0.32333 0.023333333333333345 0.42111 0.04 0.33111 0.02 0.34444 0.02
60 0.31444 0.032222222222222235 0.42333 0.03 0.32889 0.02 0.36 0.02
61 0.31111 0.0377777777777778 0.42444 0.02 0.32111 0.02 0.36556 0.03
62 0.31556 0.031111111111111117 0.42889 0.04 0.32111 0.01 0.34778 0.02
63 0.32667 0.04444444444444445 0.43111 0.04 0.31 0.01 0.35556 0.03
64 0.33889 0.045555555555555544 0.45 0.04 0.30444 0.01 0.36 0.03
65 0.33111 0.033333333333333354 0.46333 0.06 0.29889 0.01 0.34556 0.01
66 0.33333 0.01999999999999999 0.46667 0.06 0.31 0.01 0.34222 0.0
67 0.32222 0.015555555555555572 0.45778 0.07 0.30889 0.01 0.34444 0.0
68 0.31556 0.011111111111111101 0.46111 0.09 0.32333 0.01 0.33667 0.02
69 0.32667 0.01777777777777778 0.45111 0.09 0.33556 0.02 0.35333 0.01
70 0.33889 0.04777777777777778 0.43 0.09 0.34222 0.01 0.37222 0.01
71 0.35778 0.053333333333333316 0.45222 0.08 0.32333 0.0 0.38444 0.02
72 0.35667 0.061111111111111116 0.46 0.08 0.30556 0.0 0.38 0.01
73 0.36222 0.05555555555555558 0.46556 0.07 0.32444 0.02 0.37667 0.01
74 0.35444 0.043333333333333335 0.47889 0.09 0.31889 0.04 0.36889 0.0
75 0.34444 0.04444444444444445 0.49333 0.09 0.32333 0.03 0.36667 0.0
76 0.34778 0.034444444444444444 0.50333 0.1 0.34333 0.01 0.37667 0.02
77 0.36778 0.023333333333333345 0.51556 0.1 0.33889 0.01 0.39444 0.02
78 0.37 0.02111111111111111 0.51 0.09 0.33444 0.01 0.40556 0.01
79 0.38444 0.013333333333333336 0.49222 0.1 0.33444 0.03 0.41778 0.01
80 0.40556 0.0188888888888889 0.48444 0.07 0.33111 0.02 0.41778 0.02
81 0.40778 0.012222222222222218 0.47111 0.08 0.32667 0.0 0.40444 0.04
82 0.40222 0.013333333333333336 0.48667 0.08 0.33444 0.0 0.41 0.03
83 0.39889 0.032222222222222235 0.49667 0.08 0.34333 0.01 0.40222 0.01
84 0.38556 0.04777777777777778 0.50667 0.07 0.33222 0.01 0.39111 0.0
85 0.38333 0.0522222222222222 0.53333 0.09 0.33333 0.0 0.37889 0.01
86 0.4 0.0711111111111111 0.54444 0.08 0.32222 0.0 0.38222 0.03
87 0.39333 0.05555555555555555 0.55333 0.11 0.35667 0.0 0.37333 0.01
88 0.39111 0.03555555555555556 0.54889 0.1 0.35444 0.01 0.36889 0.01
89 0.41111 0.02888888888888888 0.54222 0.1 0.35667 0.02 0.38889 0.01
90 0.40556 0.03222222222222221 0.53111 0.1 0.36222 0.02 0.40889 0.01
91 0.41667 0.045555555555555544 0.52667 0.08 0.35444 0.01 0.41222 0.0
92 0.43444 0.05888888888888891 0.52222 0.08 0.35 0.01 0.40444 0.0
93 0.45222 0.07222222222222224 0.51667 0.07 0.36556 0.0 0.39778 0.0
94 0.45111 0.07111111111111112 0.52889 0.06 0.38 0.02 0.39889 0.0
95 0.48 0.06666666666666665 0.51778 0.06 0.39444 0.01 0.39222 0.01
96 0.48889 0.06444444444444444 0.51889 0.06 0.41222 0.01 0.4 0.0
97 0.48444 0.05555555555555558 0.51111 0.07 0.39667 0.0 0.40778 0.0
98 0.48778 0.06555555555555556 0.51222 0.09 0.38111 0.02 0.41333 0.0
99 0.47889 0.05666666666666667 0.51889 0.07 0.38556 0.02 0.4 0.03
100 0.46556 0.05666666666666667 0.53 0.08 0.38 0.03 0.40333 0.03
101 0.47556 0.06888888888888886 0.53333 0.08 0.38667 0.04 0.41222 0.03
102 0.47333 0.0711111111111111 0.54667 0.07 0.39667 0.03 0.42556 0.02
103 0.47889 0.08333333333333331 0.55333 0.09 0.40444 0.05 0.43111 0.01
104 0.47889 0.08555555555555555 0.57667 0.1 0.40222 0.06 0.42889 0.04
105 0.47889 0.07222222222222222 0.57889 0.11 0.40667 0.04 0.43333 0.03
106 0.49889 0.06777777777777777 0.57444 0.11 0.41556 0.05 0.43222 0.02
107 0.49778 0.07555555555555557 0.56778 0.11 0.43 0.05 0.41778 0.02
108 0.50778 0.0677777777777778 0.57 0.11 0.43222 0.05 0.42333 0.0
109 0.51778 0.07333333333333336 0.56333 0.12 0.44222 0.06 0.42222 0.02
110 0.50778 0.09666666666666668 0.56889 0.1 0.44222 0.05 0.42222 0.0
111 0.49556 0.08666666666666664 0.57556 0.09 0.44667 0.05 0.42778 0.01
112 0.49222 0.08111111111111113 0.59 0.09 0.43778 0.05 0.44556 0.02
113 0.49111 0.0733333333333333 0.59333 0.08 0.42 0.04 0.45222 0.02
114 0.52889 0.062222222222222234 0.62556 0.08 0.41889 0.05 0.45111 0.02
115 0.54556 0.08111111111111113 0.60667 0.1 0.42444 0.05 0.45778 0.03
116 0.55222 0.09666666666666665 0.62222 0.1 0.43778 0.06 0.45556 0.01
117 0.55778 0.09333333333333332 0.63556 0.09 0.42444 0.05 0.45222 0.0
118 0.56111 0.11444444444444446 0.62 0.06 0.43889 0.05 0.46444 0.0
119 0.55333 0.10222222222222221 0.61 0.05 0.44444 0.04 0.44778 0.02
120 0.54 0.0866666666666667 0.60667 0.05 0.43667 0.02 0.43778 0.0
121 0.54667 0.08666666666666664 0.61111 0.06 0.42444 0.02 0.45222 0.02
122 0.54444 0.09111111111111111 0.61444 0.07 0.42667 0.01 0.44556 0.01
123 0.55222 0.09000000000000002 0.64 0.08 0.41889 0.02 0.43889 0.01
124 0.56889 0.0888888888888889 0.64667 0.08 0.41778 0.05 0.46778 0.0
125 0.58667 0.09111111111111111 0.64556 0.09 0.41333 0.05 0.47444 0.01
126 0.6 0.08444444444444443 0.64111 0.07 0.41556 0.04 0.47111 0.02
127 0.60778 0.07 0.64778 0.06 0.43 0.03 0.46778 0.02
128 0.62 0.0888888888888889 0.64 0.06 0.43444 0.03 0.46556 0.01
129 0.61333 0.1111111111111111 0.65111 0.07 0.44667 0.03 0.45556 0.01
130 0.61111 0.1222222222222222 0.63889 0.07 0.44111 0.02 0.47333 0.04
131 0.61444 0.13222222222222224 0.63333 0.1 0.46111 0.03 0.5 0.05
132 0.62111 0.13444444444444442 0.62222 0.11 0.45556 0.01 0.50667 0.04
133 0.62778 0.10333333333333335 0.62222 0.11 0.45667 0.0 0.51556 0.04
134 0.64333 0.07444444444444442 0.62 0.11 0.46111 0.0 0.51 0.03
135 0.64 0.07555555555555554 0.61778 0.11 0.44889 0.01 0.50111 0.03
136 0.64556 0.08111111111111113 0.62333 0.1 0.43556 0.02 0.48444 0.03
137 0.66 0.09333333333333332 0.62333 0.08 0.43556 0.02 0.48444 0.03
138 0.66333 0.10555555555555551 0.63222 0.09 0.42222 0.02 0.48889 0.03
139 0.67222 0.08555555555555555 0.63889 0.08 0.43 0.01 0.50222 0.02
140 0.67444 0.09666666666666668 0.63889 0.07 0.43778 0.01 0.51444 0.03
141 0.66556 0.08555555555555555 0.61667 0.07 0.44444 0.01 0.50333 0.01
142 0.65556 0.09333333333333338 0.62889 0.07 0.44222 0.02 0.50667 0.02
143 0.66333 0.10555555555555551 0.62444 0.06 0.43222 0.04 0.50111 0.02
144 0.65889 0.11666666666666664 0.65 0.05 0.42889 0.05 0.50222 0.04
145 0.67889 0.11888888888888888 0.66 0.05 0.42889 0.03 0.49444 0.04
146 0.67778 0.12222222222222223 0.66111 0.07 0.44111 0.03 0.48444 0.04
147 0.67889 0.12555555555555553 0.65667 0.08 0.45333 0.02 0.48111 0.04
148 0.68444 0.11555555555555558 0.67 0.07 0.45111 0.02 0.48556 0.01
149 0.69889 0.10333333333333335 0.66889 0.08 0.45556 0.02 0.49222 0.02
150 0.70778 0.09666666666666662 0.66 0.09 0.44111 0.03 0.51111 0.02
151 0.71444 0.09888888888888892 0.66 0.08 0.42556 0.01 0.51 0.01
152 0.69556 0.10000000000000003 0.65 0.06 0.41556 0.02 0.53778 0.0
153 0.70333 0.10333333333333335 0.64889 0.07 0.41222 0.01 0.54444 0.0
154 0.70444 0.10444444444444445 0.65 0.06 0.41667 0.01 0.53333 0.0
155 0.70333 0.09444444444444444 0.65333 0.05 0.41444 0.0 0.52889 0.0
156 0.73667 0.09444444444444444 0.66778 0.05 0.42111 0.01 0.51667 0.02
157 0.74444 0.0888888888888889 0.64889 0.06 0.43333 0.0 0.51889 0.02
158 0.73556 0.0888888888888889 0.65 0.07 0.43889 0.0 0.50222 0.02
159 0.71444 0.10555555555555551 0.65667 0.07 0.45444 0.01 0.49444 0.02
160 0.71889 0.1011111111111111 0.66 0.08 0.46667 0.02 0.49889 0.01
161 0.73 0.10333333333333335 0.67444 0.08 0.45222 0.0 0.50111 0.01
162 0.73444 0.10333333333333335 0.68333 0.08 0.44556 0.0 0.51222 0.01
163 0.74333 0.09222222222222226 0.68 0.07 0.44778 0.01 0.53222 0.01
164 0.73889 0.08777777777777779 0.68444 0.06 0.43889 0.0 0.53222 0.03
165 0.73 0.0922222222222222 0.68556 0.06 0.41222 0.0 0.54333 0.03
166 0.72667 0.09555555555555556 0.70778 0.05 0.43222 0.0 0.53111 0.02
167 0.73556 0.09333333333333332 0.71 0.04 0.44889 0.02 0.50222 0.04
168 0.75556 0.10222222222222221 0.71 0.05 0.46 0.01 0.49889 0.02
169 0.76 0.09777777777777774 0.71 0.06 0.45333 0.0 0.50556 0.0
170 0.78 0.09555555555555556 0.70556 0.06 0.47556 0.01 0.50333 0.02
171 0.78556 0.09666666666666668 0.69444 0.06 0.45556 0.0 0.52 0.0
172 0.78778 0.09666666666666668 0.70111 0.05 0.45556 0.02 0.52778 0.01
173 0.79111 0.1111111111111111 0.71222 0.05 0.45444 0.04 0.52333 0.01
174 0.78222 0.11555555555555558 0.72889 0.06 0.46 0.04 0.51667 0.02
175 0.78222 0.10888888888888887 0.71444 0.06 0.45556 0.04 0.52 0.0
176 0.79556 0.11333333333333334 0.72556 0.07 0.47 0.04 0.52667 0.01
177 0.78444 0.1111111111111111 0.73222 0.06 0.48 0.02 0.53111 0.01
178 0.79222 0.1011111111111111 0.71556 0.06 0.48 0.01 0.52778 0.01
179 0.80222 0.1044444444444444 0.72 0.06 0.47667 0.01 0.52444 0.01
180 0.79778 0.1111111111111111 0.70556 0.06 0.47889 0.02 0.52333 0.01
181 0.79 0.1077777777777778 0.69333 0.05 0.47889 0.01 0.51333 0.0
182 0.79556 0.10888888888888892 0.69667 0.04 0.46 0.02 0.50111 0.01
183 0.79333 0.10666666666666669 0.70667 0.03 0.47111 0.01 0.52 0.01
184 0.79111 0.09999999999999998 0.70778 0.03 0.46889 0.02 0.51889 0.02
185 0.79889 0.08555555555555555 0.72556 0.03 0.46778 0.03 0.53333 0.03
186 0.80222 0.0733333333333333 0.74667 0.04 0.46111 0.05 0.53889 0.03
187 0.80444 0.07111111111111112 0.72889 0.06 0.47778 0.06 0.54222 0.02
188 0.8 0.07111111111111107 0.73444 0.05 0.47667 0.05 0.55667 0.01
189 0.81444 0.07222222222222224 0.70667 0.06 0.46778 0.07 0.55556 0.01
190 0.82556 0.0788888888888889 0.69333 0.06 0.47444 0.06 0.55 0.02
191 0.83556 0.07555555555555554 0.67778 0.06 0.47556 0.03 0.55778 0.0
192 0.85222 0.07222222222222219 0.68556 0.06 0.47111 0.05 0.55889 0.02
193 0.84889 0.07555555555555554 0.68556 0.05 0.45778 0.05 0.56111 0.02
194 0.84222 0.0822222222222222 0.71222 0.04 0.46 0.04 0.57556 0.02
195 0.84333 0.08111111111111108 0.7 0.04 0.45778 0.05 0.57111 0.05
196 0.83556 0.08000000000000002 0.67667 0.03 0.47778 0.05 0.56556 0.06
197 0.83889 0.08111111111111113 0.68444 0.05 0.47889 0.03 0.56444 0.07
198 0.84 0.08222222222222225 0.66889 0.06 0.48333 0.02 0.57111 0.04
199 0.83111 0.09111111111111114 0.67111 0.05 0.48444 0.03 0.56778 0.03
200 0.82444 0.10888888888888892 0.68444 0.04 0.47444 0.03 0.56667 0.03
201 0.84222 0.10444444444444445 0.69333 0.03 0.47778 0.02 0.58 0.03
202 0.85111 0.10222222222222221 0.70444 0.04 0.50111 0.03 0.57778 0.03
203 0.87 0.08111111111111113 0.70556 0.04 0.50556 0.01 0.57444 0.07
204 0.87444 0.07444444444444442 0.72667 0.06 0.50333 0.02 0.57778 0.06
205 0.87667 0.07666666666666666 0.73222 0.07 0.50667 0.02 0.57333 0.06
206 0.87556 0.07555555555555554 0.70667 0.06 0.5 0.02 0.55 0.07
207 0.85889 0.07666666666666666 0.70444 0.06 0.49667 0.03 0.54 0.06
208 0.86 0.07777777777777778 0.69667 0.05 0.49778 0.0 0.54778 0.05
209 0.87 0.0788888888888889 0.68222 0.05 0.50667 0.0 0.54778 0.07
210 0.87222 0.07222222222222219 0.71333 0.04 0.50889 0.02 0.54778 0.05
211 0.88333 0.07444444444444442 0.71889 0.04 0.49778 0.01 0.55333 0.06
212 0.89222 0.06777777777777777 0.73889 0.03 0.48556 0.0 0.53667 0.07
213 0.88667 0.06888888888888889 0.74111 0.02 0.47556 0.02 0.53222 0.07
214 0.88444 0.06888888888888889 0.74889 0.03 0.47111 0.02 0.55222 0.07
215 0.87333 0.07111111111111112 0.73778 0.04 0.47222 0.03 0.55 0.08
216 0.86889 0.07111111111111107 0.72 0.04 0.47778 0.03 0.57111 0.08
217 0.87667 0.06777777777777777 0.72222 0.05 0.49333 0.04 0.58889 0.07
218 0.88333 0.07 0.71222 0.08 0.49667 0.05 0.57111 0.08
219 0.89111 0.06888888888888889 0.71333 0.07 0.50333 0.05 0.56667 0.07
220 0.88778 0.06777777777777783 0.70556 0.07 0.49667 0.06 0.57333 0.06
221 0.89889 0.04999999999999999 0.70778 0.05 0.5 0.04 0.56889 0.07
222 0.90222 0.053333333333333344 0.72111 0.03 0.50556 0.03 0.59222 0.06
223 0.91444 0.045555555555555516 0.73444 0.02 0.49556 0.0 0.59333 0.07
224 0.91444 0.04777777777777775 0.73333 0.02 0.50778 0.02 0.59111 0.05
225 0.91778 0.05111111111111111 0.72444 0.01 0.49556 0.02 0.60222 0.04
226 0.91444 0.04777777777777775 0.71222 0.02 0.48778 0.03 0.60333 0.03
227 0.90889 0.055555555555555525 0.70556 0.02 0.48889 0.03 0.59222 0.02
228 0.90778 0.052222222222222225 0.70778 0.02 0.50222 0.02 0.57667 0.05
229 0.89889 0.05888888888888888 0.72444 0.03 0.49556 0.01 0.58333 0.04
230 0.91778 0.053333333333333344 0.70111 0.02 0.51111 0.01 0.56889 0.04
231 0.92444 0.04444444444444445 0.72222 0.02 0.52556 0.01 0.53222 0.05
232 0.93111 0.04222222222222227 0.71889 0.03 0.52889 0.01 0.52444 0.03
233 0.93333 0.0377777777777778 0.71444 0.02 0.51667 0.01 0.53444 0.04
234 0.93667 0.030000000000000027 0.72 0.02 0.52222 0.0 0.52778 0.05
235 0.93222 0.034444444444444444 0.71444 0.03 0.51556 0.01 0.53444 0.07
236 0.93222 0.03666666666666668 0.71 0.03 0.51556 0.01 0.54556 0.08
237 0.93556 0.024444444444444435 0.70889 0.02 0.53778 0.0 0.50111 0.1
238 0.93111 0.022222222222222254 0.7 0.02 0.54111 0.02 0.47778 0.11
239 0.92889 0.01777777777777778 0.70333 0.03 0.54333 0.03 0.45111 0.12
240 0.94222 0.011111111111111127 0.70333 0.02 0.53222 0.03 0.43222 0.14
241 0.93111 0.022222222222222254 0.7 0.0 0.52111 0.02 0.40889 0.16
242 0.93444 0.021111111111111136 0.71444 0.0 0.53778 0.0 0.41556 0.17
243 0.93222 0.02999999999999997 0.71889 0.01 0.53444 0.01 0.38111 0.16
244 0.93111 0.0377777777777778 0.72333 0.0 0.53778 0.0 0.37667 0.13
245 0.94 0.03333333333333338 0.72333 0.03 0.54222 0.0 0.36667 0.11
