epochs baseline std_baseline tl std_tl
0 0.235 0.0049999999999999906 0.3 0.065
1 0.235 0.0 0.3 0.065
2 0.23249999999999998 0.0024999999999999883 0.2975 0.0625
3 0.22999999999999998 0.0049999999999999906 0.295 0.06499999999999999
4 0.23249999999999998 0.007499999999999993 0.295 0.06
5 0.23249999999999998 0.007499999999999993 0.2975 0.0625
6 0.23249999999999998 0.007499999999999993 0.295 0.06
7 0.22999999999999998 0.0049999999999999906 0.2975 0.057499999999999996
8 0.22749999999999998 0.007499999999999993 0.305 0.06
9 0.22749999999999998 0.012499999999999997 0.305 0.06
10 0.22749999999999998 0.0175 0.3 0.065
11 0.22499999999999998 0.020000000000000004 0.2975 0.0625
12 0.22749999999999998 0.022500000000000006 0.2925 0.062499999999999986
13 0.22749999999999998 0.022500000000000006 0.2875 0.062499999999999986
14 0.2275 0.027499999999999997 0.295 0.06
15 0.225 0.03 0.2975 0.0625
16 0.2225 0.027499999999999997 0.3 0.065
17 0.22 0.03 0.3 0.065
18 0.2175 0.027499999999999997 0.3 0.065
19 0.22 0.03 0.3 0.065
20 0.2225 0.037500000000000006 0.3 0.065
21 0.22 0.04000000000000001 0.2975 0.057499999999999996
22 0.22 0.04000000000000001 0.3 0.06
23 0.2175 0.037500000000000006 0.2975 0.06749999999999999
24 0.2175 0.04250000000000001 0.3 0.065
25 0.22 0.04500000000000001 0.295 0.06499999999999999
26 0.2225 0.04250000000000001 0.2975 0.06749999999999999
27 0.22 0.04000000000000001 0.2975 0.06749999999999999
28 0.2175 0.037500000000000006 0.295 0.06999999999999999
29 0.22 0.04000000000000001 0.2925 0.06749999999999999
30 0.225 0.04000000000000001 0.2975 0.06749999999999999
31 0.23 0.04000000000000001 0.2975 0.06749999999999999
32 0.2275 0.037500000000000006 0.2975 0.0625
33 0.225 0.04000000000000001 0.295 0.06499999999999999
34 0.23 0.04500000000000001 0.2975 0.06749999999999999
35 0.2275 0.04250000000000001 0.3 0.065
36 0.2275 0.04250000000000001 0.3025 0.0625
37 0.23 0.04500000000000001 0.3075 0.057499999999999996
38 0.23500000000000001 0.04500000000000001 0.3025 0.05249999999999999
39 0.2375 0.04749999999999999 0.3025 0.04749999999999999
40 0.235 0.05499999999999999 0.305 0.044999999999999984
41 0.22999999999999998 0.05499999999999999 0.3125 0.04749999999999999
42 0.23249999999999998 0.057499999999999996 0.3125 0.04749999999999999
43 0.23249999999999998 0.057499999999999996 0.315 0.044999999999999984
44 0.22999999999999998 0.05499999999999999 0.315 0.044999999999999984
45 0.2275 0.05250000000000002 0.3075 0.04749999999999999
46 0.23 0.05000000000000002 0.3125 0.04249999999999998
47 0.225 0.05000000000000002 0.31 0.044999999999999984
48 0.22999999999999998 0.05499999999999999 0.315 0.044999999999999984
49 0.235 0.05499999999999999 0.315 0.044999999999999984
50 0.24 0.05499999999999999 0.3175 0.04249999999999998
51 0.245 0.05499999999999999 0.3175 0.04249999999999998
52 0.24 0.04999999999999999 0.3175 0.03749999999999998
53 0.2425 0.04749999999999999 0.3175 0.03749999999999998
54 0.2475 0.04749999999999999 0.31999999999999995 0.035
55 0.245 0.04999999999999999 0.3175 0.03749999999999998
56 0.2475 0.05249999999999999 0.32 0.03999999999999998
57 0.25 0.05499999999999999 0.31999999999999995 0.035
58 0.2475 0.05249999999999999 0.3225 0.0325
59 0.245 0.04999999999999999 0.32999999999999996 0.035
60 0.2425 0.05249999999999999 0.32999999999999996 0.035
61 0.2475 0.05249999999999999 0.32999999999999996 0.035
62 0.25 0.05499999999999999 0.3325 0.0325
63 0.2525 0.05249999999999999 0.3325 0.0325
64 0.2475 0.04749999999999999 0.33999999999999997 0.03
65 0.2475 0.04749999999999999 0.3425 0.027499999999999997
66 0.2475 0.042499999999999996 0.3425 0.027499999999999997
67 0.245 0.039999999999999994 0.3425 0.027499999999999997
68 0.25 0.03499999999999999 0.33999999999999997 0.024999999999999994
69 0.25 0.039999999999999994 0.33999999999999997 0.024999999999999994
70 0.2525 0.03749999999999999 0.3425 0.027499999999999997
71 0.25 0.03499999999999999 0.3425 0.027499999999999997
72 0.25 0.03499999999999999 0.34750000000000003 0.0325
73 0.2475 0.03749999999999999 0.34750000000000003 0.0325
74 0.2425 0.03750000000000002 0.35 0.035
75 0.245 0.03500000000000002 0.35 0.04000000000000001
76 0.245 0.039999999999999994 0.35250000000000004 0.037500000000000006
77 0.245 0.039999999999999994 0.355 0.035
78 0.2475 0.03749999999999999 0.35250000000000004 0.0325
79 0.245 0.03500000000000002 0.35250000000000004 0.027499999999999997
80 0.2475 0.032500000000000015 0.355 0.03
81 0.2475 0.032500000000000015 0.36 0.035
82 0.2475 0.03749999999999999 0.36250000000000004 0.0325
83 0.2475 0.042499999999999996 0.36250000000000004 0.0325
84 0.2425 0.04249999999999998 0.36 0.03
85 0.2425 0.04749999999999999 0.36 0.03
86 0.24 0.04999999999999999 0.35750000000000004 0.022499999999999996
87 0.2375 0.04749999999999999 0.35750000000000004 0.027499999999999997
88 0.2375 0.04749999999999999 0.355 0.01999999999999999
89 0.2425 0.04749999999999999 0.355 0.01999999999999999
90 0.2425 0.05249999999999999 0.35250000000000004 0.012499999999999983
91 0.2425 0.05249999999999999 0.36 0.015000000000000013
92 0.2375 0.057499999999999996 0.3625 0.007500000000000007
93 0.24 0.06 0.365 0.015000000000000013
94 0.24 0.06 0.365 0.015000000000000013
95 0.2375 0.057499999999999996 0.37 0.010000000000000009
96 0.24 0.06 0.3675 0.012500000000000011
97 0.245 0.06 0.365 0.015000000000000013
98 0.2475 0.057499999999999996 0.37 0.015000000000000013
99 0.2475 0.057499999999999996 0.3725 0.012500000000000011
100 0.2475 0.05249999999999999 0.375 0.015000000000000013
101 0.245 0.05499999999999999 0.3725 0.017500000000000016
102 0.2475 0.057499999999999996 0.3775 0.017500000000000016
103 0.2475 0.057499999999999996 0.385 0.020000000000000018
104 0.2425 0.057499999999999996 0.385 0.020000000000000018
105 0.245 0.05499999999999999 0.38749999999999996 0.022499999999999996
106 0.2475 0.05249999999999999 0.39249999999999996 0.022499999999999996
107 0.2525 0.05249999999999999 0.39249999999999996 0.027499999999999997
108 0.255 0.05 0.38749999999999996 0.027499999999999997
109 0.2525 0.0475 0.39 0.03
110 0.2575 0.0475 0.395 0.024999999999999994
111 0.26 0.045 0.4 0.024999999999999994
112 0.26 0.045 0.405 0.024999999999999994
113 0.265 0.05 0.41500000000000004 0.024999999999999994
114 0.2625 0.0475 0.41000000000000003 0.024999999999999994
115 0.26 0.045 0.41000000000000003 0.01999999999999999
116 0.2675 0.0475 0.4125 0.017499999999999988
117 0.27 0.05 0.41500000000000004 0.014999999999999986
118 0.275 0.05 0.42000000000000004 0.014999999999999986
119 0.2725 0.0475 0.42500000000000004 0.01999999999999999
120 0.27 0.039999999999999994 0.43 0.020000000000000018
121 0.27 0.039999999999999994 0.435 0.025000000000000022
122 0.2725 0.042499999999999996 0.44 0.025000000000000022
123 0.275 0.04000000000000001 0.4425 0.02250000000000002
124 0.27 0.039999999999999994 0.4475 0.022499999999999996
125 0.27 0.039999999999999994 0.45499999999999996 0.024999999999999994
126 0.27 0.045 0.45499999999999996 0.024999999999999994
127 0.2675 0.0475 0.4625 0.022499999999999996
128 0.2725 0.0475 0.47 0.01999999999999999
129 0.2725 0.0475 0.48 0.01999999999999999
130 0.2725 0.052500000000000005 0.47750000000000004 0.017499999999999988
131 0.27 0.05 0.48 0.01999999999999999
132 0.2675 0.052500000000000005 0.485 0.024999999999999994
133 0.2675 0.052500000000000005 0.4925 0.02250000000000002
134 0.26 0.05 0.495 0.020000000000000018
135 0.26 0.05 0.495 0.020000000000000018
136 0.2625 0.052500000000000005 0.5 0.020000000000000018
137 0.265 0.05 0.4975 0.02250000000000002
138 0.2675 0.0475 0.505 0.025000000000000022
139 0.27 0.039999999999999994 0.5075000000000001 0.03250000000000003
140 0.27 0.035 0.51 0.040000000000000036
141 0.275 0.035 0.5025000000000001 0.04250000000000001
142 0.27 0.03 0.51 0.040000000000000036
143 0.27249999999999996 0.0325 0.51 0.040000000000000036
144 0.275 0.035 0.5175000000000001 0.03750000000000003
145 0.27749999999999997 0.037500000000000006 0.5249999999999999 0.03999999999999998
146 0.275 0.04000000000000001 0.5225 0.04749999999999999
147 0.28 0.04000000000000001 0.5275 0.05249999999999999
148 0.28 0.035 0.53 0.05499999999999999
149 0.27249999999999996 0.0325 0.5375 0.057499999999999996
150 0.27249999999999996 0.0325 0.54 0.06
151 0.26749999999999996 0.0325 0.5425 0.0625
152 0.26749999999999996 0.0325 0.55 0.065
153 0.2625 0.03249999999999999 0.5525 0.0675
154 0.26 0.029999999999999985 0.5549999999999999 0.065
155 0.26 0.029999999999999985 0.56 0.065
156 0.26249999999999996 0.027499999999999997 0.5625 0.0625
157 0.26 0.024999999999999994 0.5625 0.07250000000000001
158 0.26 0.024999999999999994 0.565 0.07
159 0.26249999999999996 0.027499999999999997 0.5625 0.0675
160 0.26749999999999996 0.0325 0.5625 0.0675
161 0.26749999999999996 0.0325 0.5700000000000001 0.065
162 0.265 0.03499999999999999 0.5675 0.0675
163 0.2625 0.03749999999999999 0.575 0.07
164 0.265 0.039999999999999994 0.575 0.07500000000000001
165 0.265 0.039999999999999994 0.5800000000000001 0.08000000000000002
166 0.2625 0.042499999999999996 0.5825 0.07750000000000001
167 0.2625 0.0475 0.5900000000000001 0.08000000000000002
168 0.26 0.05500000000000001 0.595 0.08000000000000002
169 0.2575 0.052500000000000005 0.6000000000000001 0.08500000000000002
170 0.26 0.05500000000000001 0.6000000000000001 0.08500000000000002
171 0.265 0.05500000000000001 0.605 0.08499999999999996
172 0.265 0.06000000000000001 0.61 0.07999999999999996
173 0.2625 0.052500000000000005 0.6125 0.08249999999999996
174 0.265 0.05500000000000001 0.615 0.07499999999999996
175 0.2625 0.05750000000000001 0.62 0.07499999999999996
176 0.2625 0.052500000000000005 0.625 0.07999999999999996
177 0.2625 0.05750000000000001 0.625 0.07999999999999996
178 0.26 0.06 0.6275 0.08749999999999997
179 0.2625 0.052500000000000005 0.63 0.08999999999999997
180 0.265 0.05500000000000001 0.63 0.09499999999999997
181 0.265 0.05500000000000001 0.63 0.08999999999999997
182 0.2675 0.052500000000000005 0.6325000000000001 0.08749999999999997
183 0.27 0.05 0.6375 0.08749999999999997
184 0.2725 0.052500000000000005 0.645 0.08999999999999997
185 0.2775 0.0475 0.6475 0.09249999999999997
186 0.2825 0.047500000000000014 0.65 0.09999999999999998
187 0.28 0.05 0.65 0.09999999999999998
188 0.28500000000000003 0.05500000000000001 0.6525000000000001 0.10749999999999998
189 0.28250000000000003 0.052500000000000005 0.6575 0.11249999999999999
190 0.28250000000000003 0.052500000000000005 0.665 0.11499999999999999
191 0.28500000000000003 0.05500000000000001 0.665 0.10999999999999999
192 0.2925 0.057499999999999996 0.67 0.11499999999999999
193 0.29 0.05499999999999999 0.6725000000000001 0.11249999999999999
194 0.28500000000000003 0.05500000000000001 0.675 0.11000000000000004
195 0.28500000000000003 0.05500000000000001 0.67 0.11499999999999999
196 0.28500000000000003 0.05000000000000002 0.6799999999999999 0.11500000000000005
197 0.28500000000000003 0.05000000000000002 0.6875 0.11750000000000005
198 0.28500000000000003 0.05500000000000001 0.6875 0.11750000000000005
199 0.28500000000000003 0.05000000000000002 0.69 0.11500000000000005
200 0.2875 0.05250000000000002 0.6875 0.11250000000000004
201 0.2925 0.05249999999999999 0.6925 0.11250000000000004
202 0.29000000000000004 0.05000000000000002 0.6925 0.11750000000000005
203 0.2925 0.05249999999999999 0.6925 0.11750000000000005
204 0.2975 0.05249999999999999 0.695 0.12
205 0.295 0.04999999999999999 0.695 0.12
206 0.2925 0.05249999999999999 0.7 0.12
207 0.29 0.05499999999999999 0.7024999999999999 0.1175
208 0.2925 0.062499999999999986 0.7075 0.1175
209 0.2925 0.062499999999999986 0.71 0.11499999999999999
210 0.285 0.059999999999999984 0.7124999999999999 0.1175
211 0.2825 0.062499999999999986 0.715 0.12
212 0.285 0.059999999999999984 0.7124999999999999 0.1225
213 0.28 0.05500000000000001 0.7124999999999999 0.1225
214 0.28 0.05500000000000001 0.715 0.125
215 0.28 0.05500000000000001 0.72 0.125
216 0.275 0.05 0.7224999999999999 0.1275
217 0.275 0.05 0.73 0.13
218 0.275 0.05 0.73 0.13
219 0.275 0.05 0.725 0.13
220 0.2725 0.052500000000000005 0.7224999999999999 0.1325
221 0.275 0.05 0.725 0.13
222 0.275 0.05 0.7275 0.1275
223 0.2775 0.052500000000000005 0.73 0.125
224 0.28 0.05 0.725 0.125
225 0.2825 0.047500000000000014 0.7224999999999999 0.1275
226 0.2825 0.047500000000000014 0.72 0.13
227 0.29000000000000004 0.04500000000000001 0.7175 0.1325
228 0.2875 0.04250000000000001 0.7124999999999999 0.1375
229 0.28500000000000003 0.04000000000000001 0.7075 0.14250000000000002
230 0.2825 0.037500000000000006 0.71 0.14500000000000002
231 0.27749999999999997 0.037500000000000006 0.71 0.14500000000000002
232 0.2825 0.0325 0.7075 0.14749999999999996
233 0.2825 0.0325 0.7075 0.15249999999999997
234 0.2875 0.037500000000000006 0.7075 0.15249999999999997
235 0.2925 0.04250000000000001 0.7075 0.15249999999999997
236 0.2925 0.04250000000000001 0.7075 0.15749999999999997
237 0.29000000000000004 0.04500000000000001 0.71 0.15999999999999998
238 0.29000000000000004 0.05000000000000002 0.7050000000000001 0.15999999999999998
239 0.2875 0.05749999999999998 0.7075 0.15749999999999997
240 0.2875 0.062499999999999986 0.7075 0.15749999999999997
241 0.2875 0.062499999999999986 0.7125 0.15749999999999997
242 0.29 0.06499999999999999 0.7075 0.16249999999999998
243 0.29 0.059999999999999984 0.71 0.16499999999999998
244 0.2875 0.05749999999999998 0.71 0.16499999999999998
245 0.29 0.05499999999999999 0.71 0.16499999999999998
246 0.29 0.05499999999999999 0.71 0.16499999999999998
247 0.2875 0.05250000000000002 0.7125 0.16249999999999998
248 0.28500000000000003 0.05000000000000002 0.7125 0.16249999999999998
249 0.28500000000000003 0.05000000000000002 0.7125 0.16249999999999998
250 0.28 0.05 0.7150000000000001 0.16499999999999998
251 0.28 0.04500000000000001 0.7125 0.16749999999999998
252 0.2825 0.04250000000000001 0.7075 0.16749999999999998
253 0.28500000000000003 0.04000000000000001 0.7125 0.16749999999999998
254 0.28500000000000003 0.04000000000000001 0.71 0.16999999999999998
255 0.29000000000000004 0.04000000000000001 0.7150000000000001 0.16999999999999998
256 0.2875 0.04250000000000001 0.7175 0.1725
257 0.28500000000000003 0.04500000000000001 0.72 0.16999999999999998
258 0.29000000000000004 0.04500000000000001 0.7225 0.1725
259 0.29000000000000004 0.04000000000000001 0.7275 0.1725
260 0.2875 0.037500000000000006 0.735 0.17000000000000004
261 0.2875 0.037500000000000006 0.7325 0.1725
262 0.2925 0.037500000000000006 0.7375 0.17250000000000004
263 0.29500000000000004 0.035 0.7350000000000001 0.175
264 0.2925 0.0325 0.7375 0.17250000000000004
265 0.29000000000000004 0.03 0.7350000000000001 0.175
266 0.2925 0.0325 0.7325 0.1775
267 0.2925 0.0325 0.7325 0.1775
268 0.29500000000000004 0.03 0.7350000000000001 0.18
269 0.30000000000000004 0.03 0.7375 0.1775
270 0.2975 0.0325 0.7350000000000001 0.18
271 0.29000000000000004 0.035 0.7350000000000001 0.18
272 0.29000000000000004 0.035 0.7325 0.1825
273 0.29000000000000004 0.035 0.7325 0.1825
274 0.28500000000000003 0.035 0.7350000000000001 0.185
275 0.28500000000000003 0.035 0.7350000000000001 0.185
276 0.2825 0.037500000000000006 0.7325 0.1875
277 0.2825 0.037500000000000006 0.7325 0.1925
278 0.2875 0.037500000000000006 0.7325 0.1925
279 0.2825 0.04250000000000001 0.73 0.2
280 0.275 0.04000000000000001 0.7350000000000001 0.195
281 0.275 0.04000000000000001 0.7350000000000001 0.2
282 0.27 0.039999999999999994 0.735 0.20499999999999996
283 0.2675 0.042499999999999996 0.73 0.20500000000000002
284 0.265 0.039999999999999994 0.73 0.20500000000000002
285 0.2625 0.042499999999999996 0.73 0.20500000000000002
286 0.26 0.045 0.73 0.20500000000000002
287 0.2675 0.042499999999999996 0.7325 0.2025
288 0.2625 0.03749999999999999 0.7325 0.2025
289 0.26 0.039999999999999994 0.7325 0.2025
290 0.2575 0.03749999999999999 0.73 0.20500000000000002
291 0.255 0.03499999999999999 0.7275 0.21249999999999997
292 0.2525 0.03249999999999999 0.7275 0.21249999999999997
293 0.2525 0.03249999999999999 0.7275 0.21249999999999997
294 0.255 0.03499999999999999 0.7324999999999999 0.21249999999999997
295 0.2575 0.03249999999999999 0.74 0.20999999999999996
296 0.255 0.03499999999999999 0.74 0.20999999999999996
297 0.25 0.03499999999999999 0.74 0.20999999999999996
298 0.25 0.03499999999999999 0.74 0.20999999999999996
299 0.2475 0.03749999999999999 0.74 0.21499999999999997
300 0.2475 0.03749999999999999 0.745 0.21499999999999997
301 0.2475 0.03749999999999999 0.745 0.21499999999999997
302 0.2475 0.03749999999999999 0.7424999999999999 0.2175
303 0.25 0.03499999999999999 0.745 0.21499999999999997
304 0.2475 0.03749999999999999 0.745 0.21499999999999997
305 0.245 0.039999999999999994 0.745 0.21499999999999997
306 0.2525 0.042499999999999996 0.7424999999999999 0.2175
307 0.255 0.039999999999999994 0.7424999999999999 0.2175
308 0.2525 0.03749999999999999 0.7424999999999999 0.2175
309 0.2525 0.03749999999999999 0.735 0.21999999999999997
310 0.255 0.039999999999999994 0.735 0.21999999999999997
311 0.26 0.039999999999999994 0.735 0.21999999999999997
312 0.26 0.039999999999999994 0.74 0.21999999999999997
313 0.2625 0.042499999999999996 0.7375 0.22249999999999998
314 0.2625 0.042499999999999996 0.74 0.21999999999999997
315 0.2625 0.0475 0.7375 0.22249999999999998
316 0.2625 0.052500000000000005 0.7375 0.22249999999999998
317 0.26 0.05 0.7375 0.22249999999999998
318 0.255 0.05 0.7375 0.22249999999999998
319 0.26 0.05 0.745 0.21999999999999997
320 0.2625 0.0475 0.7475 0.2175
321 0.2625 0.0475 0.7424999999999999 0.22249999999999998
322 0.2625 0.0475 0.7424999999999999 0.22249999999999998
323 0.26 0.05 0.74 0.22499999999999998
324 0.2575 0.052500000000000005 0.745 0.22499999999999998
325 0.255 0.05 0.7475 0.22249999999999998
326 0.255 0.045 0.7525 0.2175
327 0.25 0.045 0.7525 0.2175
328 0.255 0.045 0.7525 0.21249999999999997
329 0.2575 0.0475 0.755 0.20999999999999996
330 0.26 0.045 0.7525 0.21249999999999997
331 0.265 0.039999999999999994 0.7525 0.21249999999999997
332 0.26 0.039999999999999994 0.7575000000000001 0.20749999999999996
333 0.26 0.039999999999999994 0.7575000000000001 0.20749999999999996
334 0.255 0.03499999999999999 0.7575000000000001 0.20749999999999996
335 0.25 0.030000000000000013 0.7575000000000001 0.20749999999999996
336 0.2475 0.02750000000000001 0.7575000000000001 0.20749999999999996
337 0.2475 0.02750000000000001 0.755 0.20999999999999996
338 0.245 0.030000000000000013 0.7575000000000001 0.21249999999999997
339 0.2425 0.02750000000000001 0.755 0.21499999999999997
340 0.24 0.02500000000000001 0.7575000000000001 0.21249999999999997
341 0.235 0.02500000000000001 0.7575000000000001 0.21249999999999997
342 0.2375 0.022500000000000006 0.7625 0.20749999999999996
343 0.235 0.02500000000000001 0.76 0.20999999999999996
344 0.235 0.02500000000000001 0.7575000000000001 0.21249999999999997
345 0.235 0.02500000000000001 0.7575000000000001 0.21249999999999997
346 0.235 0.02500000000000001 0.76 0.20999999999999996
347 0.23249999999999998 0.02750000000000001 0.76 0.20999999999999996
348 0.23 0.03 0.76 0.20499999999999996
349 0.235 0.030000000000000013 0.7625 0.20249999999999996
350 0.2375 0.032500000000000015 0.7649999999999999 0.2
351 0.23500000000000001 0.035 0.7675 0.1975
352 0.23500000000000001 0.035 0.77 0.2
353 0.2325 0.037500000000000006 0.77 0.2
354 0.2325 0.037500000000000006 0.7725 0.1975
355 0.2275 0.037500000000000006 0.7725 0.1975
356 0.2275 0.037500000000000006 0.7725 0.1975
357 0.23 0.035 0.7725 0.1975
358 0.23 0.035 0.7725 0.1975
359 0.2325 0.0325 0.7725 0.1975
360 0.235 0.030000000000000013 0.7725 0.1975
361 0.2325 0.0325 0.77 0.195
362 0.2275 0.0325 0.7675 0.1975
363 0.225 0.035 0.7675 0.1975
364 0.225 0.035 0.7649999999999999 0.2
365 0.225 0.035 0.7675 0.1975
366 0.2275 0.0325 0.77 0.195
367 0.2275 0.027499999999999997 0.7675 0.1925
368 0.2225 0.027499999999999997 0.7675 0.1925
369 0.215 0.024999999999999994 0.7649999999999999 0.195
370 0.21000000000000002 0.020000000000000004 0.77 0.19
371 0.2125 0.022499999999999992 0.7675 0.1925
372 0.21000000000000002 0.020000000000000004 0.77 0.19
373 0.21 0.024999999999999994 0.77 0.19
374 0.21 0.024999999999999994 0.7675 0.1925
375 0.215 0.01999999999999999 0.77 0.19
376 0.22 0.01999999999999999 0.7675 0.1875
377 0.22 0.01999999999999999 0.7725 0.1825
378 0.22 0.024999999999999994 0.7725 0.1825
379 0.225 0.024999999999999994 0.7725 0.1825
380 0.22749999999999998 0.022500000000000006 0.77 0.185
381 0.22999999999999998 0.020000000000000004 0.7725 0.1825
382 0.23249999999999998 0.022500000000000006 0.7749999999999999 0.18
383 0.2375 0.0175 0.78 0.18
384 0.24 0.020000000000000004 0.7825 0.1775
385 0.2375 0.022500000000000006 0.7849999999999999 0.175
386 0.2375 0.0175 0.7849999999999999 0.175
387 0.22999999999999998 0.020000000000000004 0.7849999999999999 0.175
388 0.22999999999999998 0.020000000000000004 0.79 0.16999999999999998
389 0.23249999999999998 0.022500000000000006 0.7875 0.1725
390 0.235 0.02500000000000001 0.7875 0.1725
391 0.2375 0.022500000000000006 0.7925 0.16749999999999998
392 0.2375 0.022500000000000006 0.7925 0.16749999999999998
393 0.24 0.02500000000000001 0.7949999999999999 0.16499999999999998
394 0.24 0.02500000000000001 0.7949999999999999 0.16499999999999998
395 0.2375 0.022500000000000006 0.7925 0.16749999999999998
396 0.24 0.02500000000000001 0.7925 0.16749999999999998
397 0.2475 0.022500000000000006 0.7949999999999999 0.16499999999999998
398 0.245 0.020000000000000004 0.7975 0.16249999999999998
399 0.25 0.020000000000000004 0.7975 0.16249999999999998
400 0.2475 0.022500000000000006 0.7949999999999999 0.16499999999999998
401 0.245 0.02500000000000001 0.7949999999999999 0.16499999999999998
402 0.25 0.020000000000000004 0.8 0.15999999999999998
403 0.2475 0.022500000000000006 0.7949999999999999 0.16499999999999998
404 0.2475 0.0175 0.7949999999999999 0.16499999999999998
405 0.255 0.015000000000000013 0.7949999999999999 0.16499999999999998
406 0.2475 0.012500000000000011 0.7949999999999999 0.16499999999999998
407 0.2425 0.012499999999999997 0.7949999999999999 0.16499999999999998
408 0.2425 0.012499999999999997 0.7925 0.16749999999999998
409 0.245 0.010000000000000009 0.7975 0.16749999999999998
410 0.2425 0.007500000000000007 0.7975 0.16749999999999998
411 0.24 0.0050000000000000044 0.7949999999999999 0.16999999999999998
412 0.2375 0.007499999999999993 0.7949999999999999 0.16999999999999998
413 0.2375 0.0025000000000000022 0.7925 0.1725
414 0.2375 0.0025000000000000022 0.79 0.175
415 0.24 0.0050000000000000044 0.7925 0.1725
416 0.2375 0.0025000000000000022 0.7949999999999999 0.16999999999999998
417 0.24 0.0050000000000000044 0.7925 0.1725
418 0.24 0.0050000000000000044 0.7925 0.1725
419 0.235 0.0049999999999999906 0.79 0.175
420 0.235 0.009999999999999995 0.7849999999999999 0.18
421 0.23249999999999998 0.012499999999999997 0.7849999999999999 0.18
422 0.22999999999999998 0.009999999999999995 0.7825 0.1825
423 0.235 0.009999999999999995 0.78 0.185
424 0.2375 0.012499999999999997 0.7749999999999999 0.19
425 0.2425 0.012499999999999997 0.7775 0.1875
426 0.245 0.010000000000000009 0.7725 0.1875
427 0.2425 0.012499999999999997 0.7725 0.1925
428 0.24 0.015 0.7749999999999999 0.195
429 0.24 0.009999999999999995 0.7775 0.1925
430 0.2375 0.012499999999999997 0.7825 0.1875
431 0.2375 0.0175 0.78 0.19
432 0.2375 0.022500000000000006 0.7775 0.1925
433 0.2425 0.022500000000000006 0.7775 0.1925
434 0.2425 0.022500000000000006 0.7749999999999999 0.195
435 0.2475 0.0175 0.7749999999999999 0.195
436 0.25 0.020000000000000004 0.7725 0.1925
437 0.2475 0.0175 0.7749999999999999 0.19
438 0.25 0.015000000000000013 0.7749999999999999 0.19
439 0.25 0.015000000000000013 0.7749999999999999 0.19
440 0.255 0.015000000000000013 0.7749999999999999 0.19
441 0.26 0.010000000000000009 0.7749999999999999 0.19
442 0.26 0.010000000000000009 0.7749999999999999 0.19
443 0.265 0.010000000000000009 0.7775 0.1875
444 0.2675 0.007500000000000007 0.7775 0.1875
445 0.265 0.010000000000000009 0.7775 0.1875
446 0.265 0.010000000000000009 0.7775 0.1875
447 0.265 0.010000000000000009 0.7775 0.1875
448 0.2675 0.012500000000000011 0.78 0.19
449 0.2625 0.012500000000000011 0.7775 0.1925
450 0.26 0.010000000000000009 0.7775 0.1925
451 0.26 0.010000000000000009 0.78 0.19
452 0.26 0.015000000000000013 0.7775 0.1925
453 0.265 0.015000000000000013 0.7749999999999999 0.195
454 0.2625 0.017500000000000016 0.7775 0.1975
455 0.2625 0.017500000000000016 0.7725 0.2025
456 0.2625 0.012500000000000011 0.7749999999999999 0.2
457 0.265 0.015000000000000013 0.7749999999999999 0.2
458 0.26749999999999996 0.017499999999999988 0.7749999999999999 0.2
459 0.265 0.01999999999999999 0.77 0.20500000000000002
460 0.2625 0.017500000000000016 0.7675000000000001 0.20749999999999996
461 0.26 0.015000000000000013 0.77 0.20999999999999996
462 0.2625 0.007500000000000007 0.7725 0.20750000000000002
463 0.265 0.0050000000000000044 0.77 0.20999999999999996
464 0.265 0.0050000000000000044 0.7725 0.20750000000000002
465 0.27 0.0050000000000000044 0.7725 0.20750000000000002
466 0.27 0.010000000000000009 0.7725 0.20750000000000002
467 0.27 0.010000000000000009 0.7725 0.21249999999999997
468 0.275 0.009999999999999981 0.7725 0.21249999999999997
469 0.27749999999999997 0.012499999999999983 0.7725 0.21249999999999997
470 0.28 0.014999999999999986 0.7675000000000001 0.2175
471 0.28 0.009999999999999981 0.7675000000000001 0.2175
472 0.2825 0.007499999999999979 0.7675000000000001 0.2175
473 0.2825 0.007499999999999979 0.765 0.21499999999999997
474 0.2825 0.007499999999999979 0.765 0.21499999999999997
475 0.28500000000000003 0.014999999999999986 0.765 0.21499999999999997
476 0.2825 0.012499999999999983 0.7675000000000001 0.2175
477 0.28500000000000003 0.004999999999999977 0.765 0.21999999999999997
478 0.28 0.0 0.765 0.21499999999999997
479 0.28 0.004999999999999977 0.7675000000000001 0.21249999999999997
480 0.2825 0.007499999999999979 0.77 0.20999999999999996
481 0.28500000000000003 0.014999999999999986 0.7675000000000001 0.21249999999999997
482 0.28500000000000003 0.014999999999999986 0.765 0.21499999999999997
483 0.27749999999999997 0.017499999999999988 0.7625 0.2175
484 0.275 0.014999999999999986 0.7625 0.2175
485 0.27249999999999996 0.012499999999999983 0.76 0.21999999999999997
486 0.27249999999999996 0.017499999999999988 0.7625 0.2175
487 0.275 0.014999999999999986 0.7625 0.2175
488 0.275 0.014999999999999986 0.7575000000000001 0.22249999999999998
489 0.275 0.014999999999999986 0.76 0.21999999999999997
490 0.275 0.014999999999999986 0.7625 0.2175
491 0.275 0.01999999999999999 0.7625 0.2175
492 0.27 0.01999999999999999 0.76 0.21999999999999997
493 0.27 0.014999999999999986 0.76 0.21999999999999997
494 0.27 0.010000000000000009 0.7575000000000001 0.22249999999999998
495 0.2675 0.012500000000000011 0.7575000000000001 0.22249999999999998
496 0.27249999999999996 0.012499999999999983 0.7525 0.22249999999999998
497 0.265 0.015000000000000013 0.7525 0.22249999999999998
498 0.26749999999999996 0.017499999999999988 0.7475 0.22749999999999998
499 0.27 0.01999999999999999 0.745 0.22999999999999998
500 0.27249999999999996 0.017499999999999988 0.745 0.22999999999999998
501 0.27249999999999996 0.017499999999999988 0.7475 0.22749999999999998
502 0.27249999999999996 0.022499999999999996 0.745 0.22999999999999998
503 0.27 0.01999999999999999 0.75 0.22499999999999998
504 0.26749999999999996 0.022499999999999996 0.7525 0.22249999999999998
505 0.26 0.024999999999999994 0.7525 0.22249999999999998
506 0.265 0.024999999999999994 0.75 0.22499999999999998
507 0.26749999999999996 0.022499999999999996 0.75 0.22499999999999998
508 0.26749999999999996 0.022499999999999996 0.75 0.22499999999999998
509 0.27 0.024999999999999994 0.7525 0.22249999999999998
510 0.27249999999999996 0.027499999999999997 0.7475 0.22749999999999998
511 0.275 0.035 0.7525 0.22249999999999998
512 0.275 0.035 0.755 0.21999999999999997
513 0.275 0.04000000000000001 0.7575000000000001 0.2175
514 0.275 0.04000000000000001 0.76 0.21499999999999997
515 0.275 0.035 0.755 0.21499999999999997
516 0.27749999999999997 0.0325 0.755 0.21499999999999997
517 0.27749999999999997 0.0325 0.7575000000000001 0.21249999999999997
518 0.28 0.035 0.76 0.20999999999999996
519 0.28 0.035 0.7625 0.20749999999999996
520 0.2825 0.0325 0.765 0.20499999999999996
521 0.28 0.03 0.77 0.2
522 0.28500000000000003 0.035 0.77 0.2
523 0.28500000000000003 0.03 0.7725 0.1975
524 0.2875 0.027499999999999997 0.7725 0.1975
525 0.2825 0.027499999999999997 0.77 0.2
526 0.28 0.035 0.7725 0.2025
527 0.2825 0.0325 0.7725 0.2025
528 0.2825 0.037500000000000006 0.7749999999999999 0.2
529 0.2825 0.037500000000000006 0.77 0.20500000000000002
530 0.2825 0.0325 0.77 0.20500000000000002
531 0.2825 0.0325 0.7725 0.2025
532 0.28 0.03 0.7725 0.2025
533 0.27749999999999997 0.027499999999999997 0.7725 0.2025
534 0.27749999999999997 0.027499999999999997 0.7749999999999999 0.2
535 0.275 0.035 0.7725 0.2025
536 0.27249999999999996 0.0325 0.7725 0.20750000000000002
537 0.27249999999999996 0.0325 0.7749999999999999 0.20500000000000002
538 0.27249999999999996 0.0325 0.7725 0.2025
539 0.275 0.035 0.7725 0.2025
540 0.27249999999999996 0.037500000000000006 0.7725 0.2025
541 0.27 0.039999999999999994 0.7749999999999999 0.2
542 0.2675 0.03749999999999999 0.7749999999999999 0.2
543 0.265 0.03499999999999999 0.7749999999999999 0.2
544 0.2625 0.03749999999999999 0.7749999999999999 0.2
545 0.26 0.03499999999999999 0.7775 0.1975
546 0.2575 0.03249999999999999 0.7749999999999999 0.195
547 0.2575 0.03249999999999999 0.7775 0.1925
548 0.26249999999999996 0.027499999999999997 0.7775 0.1925
549 0.26249999999999996 0.027499999999999997 0.7749999999999999 0.195
550 0.26749999999999996 0.0325 0.7749999999999999 0.195
551 0.27 0.035 0.77 0.2
552 0.275 0.035 0.7725 0.1975
553 0.27 0.035 0.7749999999999999 0.195
554 0.27 0.035 0.7725 0.1975
555 0.27249999999999996 0.0325 0.7725 0.1975
556 0.27249999999999996 0.037500000000000006 0.77 0.2
557 0.27 0.039999999999999994 0.7725 0.1975
558 0.2625 0.03749999999999999 0.7675 0.2025
559 0.2625 0.03749999999999999 0.77 0.2
560 0.265 0.039999999999999994 0.77 0.2
561 0.265 0.039999999999999994 0.7725 0.1975
562 0.2675 0.0475 0.7725 0.1975
563 0.2675 0.052500000000000005 0.7749999999999999 0.195
564 0.27 0.05500000000000001 0.7725 0.1975
565 0.2725 0.05750000000000001 0.7749999999999999 0.195
566 0.27 0.05500000000000001 0.7749999999999999 0.195
567 0.2675 0.05750000000000001 0.7775 0.1925
568 0.265 0.06000000000000001 0.78 0.19
569 0.27 0.05500000000000001 0.7775 0.1925
570 0.27 0.05500000000000001 0.7825 0.1875
571 0.27 0.06000000000000001 0.7825 0.1825
572 0.27 0.06500000000000002 0.7825 0.1825
573 0.27 0.06000000000000001 0.7849999999999999 0.185
574 0.27 0.06000000000000001 0.7849999999999999 0.185
575 0.265 0.05500000000000001 0.7825 0.1825
576 0.2625 0.05750000000000001 0.7849999999999999 0.18
577 0.26 0.06 0.7825 0.1775
578 0.2625 0.05750000000000001 0.7849999999999999 0.18
579 0.2575 0.052500000000000005 0.7875 0.1775
580 0.26 0.05 0.7849999999999999 0.18
581 0.2575 0.0475 0.7875 0.1775
582 0.2575 0.0475 0.7875 0.1775
583 0.2625 0.0475 0.7875 0.1775
584 0.2675 0.0475 0.7825 0.1825
585 0.27 0.05 0.7875 0.1775
586 0.275 0.045 0.79 0.175
587 0.2775 0.052500000000000005 0.7875 0.1775
588 0.28 0.05500000000000001 0.79 0.175
589 0.28 0.05500000000000001 0.7925 0.1725
590 0.28 0.05 0.7925 0.1725
591 0.28 0.04500000000000001 0.79 0.175
592 0.28500000000000003 0.04500000000000001 0.79 0.175
593 0.2875 0.047500000000000014 0.7849999999999999 0.18
594 0.28500000000000003 0.05000000000000002 0.7875 0.1775
595 0.2875 0.05250000000000002 0.7875 0.1775
596 0.28250000000000003 0.052500000000000005 0.7925 0.1775
597 0.28250000000000003 0.052500000000000005 0.7925 0.1775
598 0.28250000000000003 0.052500000000000005 0.7925 0.1725
599 0.28 0.04500000000000001 0.7949999999999999 0.16999999999999998
600 0.275 0.045 0.7949999999999999 0.16999999999999998
601 0.28 0.04500000000000001 0.7925 0.1725
602 0.2775 0.0475 0.7925 0.1725
603 0.28 0.05 0.7925 0.1725
604 0.2825 0.047500000000000014 0.79 0.175
605 0.28500000000000003 0.04500000000000001 0.7875 0.1775
606 0.28 0.04500000000000001 0.7925 0.1725
607 0.2825 0.04250000000000001 0.7925 0.1725
608 0.2825 0.037500000000000006 0.7975 0.16749999999999998
609 0.27749999999999997 0.037500000000000006 0.7949999999999999 0.16999999999999998
610 0.27749999999999997 0.037500000000000006 0.7975 0.16749999999999998
611 0.27249999999999996 0.0325 0.7975 0.16749999999999998
612 0.27 0.03 0.7925 0.16749999999999998
613 0.27 0.024999999999999994 0.7925 0.16749999999999998
614 0.27 0.024999999999999994 0.7925 0.16749999999999998
615 0.26749999999999996 0.027499999999999997 0.7925 0.1725
616 0.26749999999999996 0.0325 0.79 0.175
617 0.26749999999999996 0.0325 0.7875 0.1775
618 0.26749999999999996 0.0325 0.7875 0.1775
619 0.27 0.035 0.7875 0.1775
620 0.2675 0.03749999999999999 0.7875 0.1775
621 0.27249999999999996 0.037500000000000006 0.7849999999999999 0.18
622 0.27249999999999996 0.037500000000000006 0.7825 0.1825
623 0.27 0.045 0.78 0.185
624 0.27 0.039999999999999994 0.78 0.185
625 0.2675 0.042499999999999996 0.78 0.185
626 0.265 0.039999999999999994 0.78 0.185
627 0.2625 0.042499999999999996 0.7825 0.1825
628 0.2625 0.03749999999999999 0.78 0.18
629 0.2625 0.03749999999999999 0.7825 0.1775
630 0.2625 0.03749999999999999 0.7825 0.1775
631 0.2575 0.03749999999999999 0.78 0.18
632 0.2625 0.042499999999999996 0.78 0.18
633 0.26 0.045 0.78 0.18
634 0.2625 0.042499999999999996 0.78 0.18
635 0.26 0.039999999999999994 0.7849999999999999 0.175
636 0.2625 0.042499999999999996 0.79 0.16999999999999998
637 0.2625 0.042499999999999996 0.79 0.16999999999999998
638 0.255 0.039999999999999994 0.7949999999999999 0.16999999999999998
639 0.255 0.03499999999999999 0.7925 0.1725
640 0.255 0.029999999999999985 0.79 0.16999999999999998
641 0.2525 0.03249999999999999 0.7875 0.1725
642 0.2525 0.03749999999999999 0.7849999999999999 0.175
643 0.255 0.039999999999999994 0.7849999999999999 0.175
644 0.2575 0.042499999999999996 0.7875 0.1725
645 0.2575 0.042499999999999996 0.7825 0.1775
646 0.2625 0.0475 0.7849999999999999 0.18
647 0.27 0.045 0.7849999999999999 0.18
648 0.2625 0.0475 0.7825 0.1825
649 0.265 0.045 0.7849999999999999 0.18
650 0.2625 0.042499999999999996 0.7825 0.1825
651 0.26 0.039999999999999994 0.7849999999999999 0.18
652 0.255 0.03499999999999999 0.7875 0.1775
653 0.2625 0.03749999999999999 0.7875 0.1775
654 0.265 0.039999999999999994 0.7849999999999999 0.18
655 0.2625 0.042499999999999996 0.7875 0.1775
656 0.2625 0.042499999999999996 0.7875 0.1775
657 0.26 0.039999999999999994 0.7849999999999999 0.18
658 0.26 0.039999999999999994 0.79 0.175
659 0.2575 0.042499999999999996 0.7925 0.1725
660 0.2575 0.03749999999999999 0.79 0.175
661 0.2575 0.03749999999999999 0.79 0.175
662 0.255 0.029999999999999985 0.7875 0.1775
663 0.255 0.029999999999999985 0.7875 0.1775
664 0.2575 0.03249999999999999 0.79 0.175
665 0.2525 0.03249999999999999 0.7875 0.1775
666 0.2525 0.02750000000000001 0.79 0.175
667 0.2525 0.02750000000000001 0.7925 0.1725
668 0.2525 0.022500000000000006 0.7925 0.1725
669 0.245 0.02500000000000001 0.79 0.16999999999999998
670 0.25 0.020000000000000004 0.7849999999999999 0.175
671 0.255 0.015000000000000013 0.7849999999999999 0.18
672 0.2525 0.012500000000000011 0.7825 0.1825
673 0.2525 0.012500000000000011 0.78 0.185
674 0.255 0.015000000000000013 0.7775 0.1875
675 0.255 0.020000000000000018 0.7775 0.1925
676 0.255 0.020000000000000018 0.7725 0.1975
677 0.2575 0.02250000000000002 0.7749999999999999 0.2
678 0.26 0.024999999999999994 0.7749999999999999 0.2
679 0.26 0.024999999999999994 0.7725 0.2025
680 0.2575 0.027499999999999983 0.77 0.20500000000000002
681 0.265 0.024999999999999994 0.77 0.20500000000000002
682 0.26249999999999996 0.022499999999999996 0.7725 0.2025
683 0.2575 0.02250000000000002 0.7725 0.2025
684 0.2525 0.022500000000000006 0.7749999999999999 0.2
685 0.2525 0.017500000000000016 0.7749999999999999 0.2
686 0.2475 0.0175 0.7749999999999999 0.2
687 0.2475 0.012500000000000011 0.7775 0.1975
688 0.2475 0.012500000000000011 0.78 0.195
689 0.25 0.015000000000000013 0.7749999999999999 0.2
690 0.25 0.020000000000000004 0.77 0.20500000000000002
691 0.2525 0.022500000000000006 0.7675000000000001 0.20749999999999996
692 0.2525 0.017500000000000016 0.7675000000000001 0.20749999999999996
693 0.2475 0.0175 0.77 0.20500000000000002
694 0.2475 0.0175 0.765 0.20499999999999996
695 0.245 0.015 0.765 0.20499999999999996
696 0.245 0.015 0.765 0.20499999999999996
697 0.245 0.015 0.765 0.20499999999999996
698 0.2475 0.012500000000000011 0.7675000000000001 0.20749999999999996
699 0.2425 0.0175 0.7675000000000001 0.20749999999999996
700 0.2425 0.0175 0.77 0.20500000000000002
701 0.24 0.015 0.7725 0.2025
702 0.2425 0.012499999999999997 0.7749999999999999 0.2
703 0.2425 0.007500000000000007 0.7749999999999999 0.2
704 0.24 0.009999999999999995 0.7749999999999999 0.2
705 0.2375 0.012499999999999997 0.7725 0.1975
706 0.2375 0.012499999999999997 0.7725 0.1975
707 0.23249999999999998 0.0175 0.7725 0.1975
708 0.2375 0.022500000000000006 0.7725 0.1975
709 0.2425 0.02750000000000001 0.7749999999999999 0.195
710 0.24 0.02500000000000001 0.7749999999999999 0.195
711 0.245 0.02500000000000001 0.7749999999999999 0.195
712 0.245 0.02500000000000001 0.78 0.195
713 0.245 0.02500000000000001 0.78 0.195
714 0.2475 0.02750000000000001 0.7775 0.1975
715 0.245 0.02500000000000001 0.78 0.19
716 0.2425 0.022500000000000006 0.7825 0.1875
717 0.245 0.020000000000000004 0.78 0.185
718 0.245 0.020000000000000004 0.7775 0.1875
719 0.245 0.015 0.7749999999999999 0.19
720 0.245 0.010000000000000009 0.7775 0.1875
721 0.245 0.0050000000000000044 0.7775 0.1875
722 0.24 0.0 0.7825 0.1825
723 0.235 0.0049999999999999906 0.7849999999999999 0.18
724 0.23249999999999998 0.0024999999999999883 0.79 0.175
725 0.235 0.0049999999999999906 0.7925 0.1725
726 0.235 0.0049999999999999906 0.7925 0.1725
727 0.235 0.0049999999999999906 0.79 0.175
728 0.235 0.009999999999999995 0.79 0.18
729 0.235 0.0049999999999999906 0.7925 0.1775
730 0.23249999999999998 0.0024999999999999883 0.7925 0.1775
731 0.235 0.0049999999999999906 0.7949999999999999 0.175
732 0.23249999999999998 0.007499999999999993 0.7975 0.1725
733 0.2375 0.012499999999999997 0.7949999999999999 0.175
734 0.24 0.009999999999999995 0.7975 0.1725
735 0.24 0.009999999999999995 0.7975 0.1725
736 0.2375 0.012499999999999997 0.7925 0.1775
737 0.2425 0.007500000000000007 0.79 0.18
738 0.2425 0.007500000000000007 0.7875 0.1825
739 0.2425 0.0025000000000000022 0.79 0.18
740 0.2425 0.0025000000000000022 0.79 0.18
741 0.2425 0.0025000000000000022 0.79 0.18
742 0.24 0.0050000000000000044 0.79 0.18
743 0.24 0.0 0.7925 0.1775
744 0.24 0.0 0.7925 0.1775
745 0.24 0.0 0.7925 0.1775
746 0.235 0.0049999999999999906 0.7949999999999999 0.175
747 0.2275 0.0025000000000000022 0.7925 0.1775
748 0.235 0.0049999999999999906 0.7949999999999999 0.175
749 0.23249999999999998 0.0024999999999999883 0.7949999999999999 0.175
750 0.23249999999999998 0.007499999999999993 0.7949999999999999 0.175
751 0.235 0.0049999999999999906 0.7949999999999999 0.175
752 0.23249999999999998 0.0024999999999999883 0.7925 0.1775
753 0.23 0.0 0.79 0.18
754 0.2275 0.0025000000000000022 0.7949999999999999 0.175
755 0.22999999999999998 0.0049999999999999906 0.7949999999999999 0.175
756 0.22999999999999998 0.009999999999999995 0.7949999999999999 0.175
757 0.22999999999999998 0.009999999999999995 0.7975 0.1725
758 0.23249999999999998 0.012499999999999997 0.7975 0.1725
759 0.23249999999999998 0.012499999999999997 0.7925 0.1775
760 0.22999999999999998 0.0049999999999999906 0.7975 0.1725
761 0.23249999999999998 0.007499999999999993 0.7975 0.1725
762 0.23249999999999998 0.0024999999999999883 0.8025 0.16749999999999998
763 0.23249999999999998 0.0024999999999999883 0.8049999999999999 0.16499999999999998
764 0.22999999999999998 0.009999999999999995 0.8049999999999999 0.16499999999999998
765 0.22749999999999998 0.012499999999999997 0.8025 0.16749999999999998
766 0.22749999999999998 0.012499999999999997 0.8025 0.16749999999999998
767 0.22999999999999998 0.009999999999999995 0.8 0.16999999999999998
768 0.22749999999999998 0.007499999999999993 0.8 0.16999999999999998
769 0.22749999999999998 0.007499999999999993 0.8075 0.16749999999999998
770 0.225 0.0050000000000000044 0.8125 0.16249999999999998
771 0.2175 0.0025000000000000022 0.815 0.15999999999999998
772 0.2225 0.0025000000000000022 0.8175 0.15749999999999997
773 0.225 0.0 0.8200000000000001 0.15499999999999997
774 0.225 0.0 0.8225 0.15249999999999997
775 0.225 0.0 0.825 0.14999999999999997
776 0.2275 0.0025000000000000022 0.8275 0.14249999999999996
777 0.2275 0.0025000000000000022 0.83 0.14
778 0.225 0.0 0.825 0.13999999999999996
779 0.2275 0.0025000000000000022 0.825 0.13999999999999996
780 0.225 0.0050000000000000044 0.8274999999999999 0.1375
781 0.22 0.010000000000000009 0.8274999999999999 0.1375
782 0.22 0.010000000000000009 0.8225 0.14249999999999996
783 0.22749999999999998 0.012499999999999997 0.8225 0.14249999999999996
784 0.22999999999999998 0.015 0.8225 0.14249999999999996
785 0.22749999999999998 0.0175 0.8200000000000001 0.14499999999999996
786 0.22999999999999998 0.015 0.8175 0.14749999999999996
787 0.22499999999999998 0.015 0.8200000000000001 0.14499999999999996
788 0.22499999999999998 0.009999999999999995 0.8175 0.14749999999999996
789 0.2225 0.007500000000000007 0.8175 0.14749999999999996
790 0.22499999999999998 0.009999999999999995 0.8200000000000001 0.14499999999999996
791 0.22 0.010000000000000009 0.825 0.13999999999999996
792 0.21999999999999997 0.015 0.8274999999999999 0.1375
793 0.22499999999999998 0.015 0.825 0.13999999999999996
794 0.22999999999999998 0.009999999999999995 0.83 0.14
795 0.23249999999999998 0.007499999999999993 0.8275 0.14249999999999996
796 0.235 0.0 0.8275 0.14249999999999996
797 0.2375 0.0025000000000000022 0.8275 0.14249999999999996
798 0.235 0.0 0.8275 0.14249999999999996
799 0.235 0.0 0.8275 0.14249999999999996
800 0.24 0.0 0.825 0.14499999999999996
801 0.2375 0.0025000000000000022 0.8200000000000001 0.14999999999999997
802 0.235 0.0049999999999999906 0.8175 0.15249999999999997
803 0.235 0.0049999999999999906 0.815 0.15499999999999997
804 0.235 0.0049999999999999906 0.8175 0.15249999999999997
805 0.235 0.0049999999999999906 0.8200000000000001 0.14999999999999997
806 0.2375 0.0025000000000000022 0.815 0.15499999999999997
807 0.24 0.0 0.8175 0.15249999999999997
808 0.235 0.0049999999999999906 0.8175 0.15249999999999997
809 0.22999999999999998 0.009999999999999995 0.8125 0.15749999999999997
810 0.23249999999999998 0.007499999999999993 0.8125 0.15749999999999997
811 0.22749999999999998 0.007499999999999993 0.81 0.15999999999999998
812 0.22999999999999998 0.009999999999999995 0.81 0.15999999999999998
813 0.22749999999999998 0.007499999999999993 0.81 0.15999999999999998
814 0.22499999999999998 0.009999999999999995 0.8125 0.15749999999999997
815 0.22749999999999998 0.007499999999999993 0.81 0.15999999999999998
816 0.22749999999999998 0.007499999999999993 0.8049999999999999 0.16499999999999998
817 0.22499999999999998 0.009999999999999995 0.8075 0.16749999999999998
818 0.22499999999999998 0.009999999999999995 0.8075 0.16749999999999998
819 0.225 0.0050000000000000044 0.8075 0.16749999999999998
820 0.2275 0.0025000000000000022 0.8049999999999999 0.16999999999999998
821 0.225 0.0 0.8049999999999999 0.16999999999999998
822 0.2275 0.0025000000000000022 0.8049999999999999 0.16999999999999998
823 0.23249999999999998 0.007499999999999993 0.8049999999999999 0.16999999999999998
824 0.23249999999999998 0.007499999999999993 0.8 0.175
825 0.22999999999999998 0.0049999999999999906 0.7975 0.1775
826 0.22999999999999998 0.0049999999999999906 0.7949999999999999 0.18
827 0.23249999999999998 0.007499999999999993 0.7975 0.1775
828 0.2275 0.0025000000000000022 0.7949999999999999 0.18
829 0.22999999999999998 0.0049999999999999906 0.7925 0.1825
830 0.22999999999999998 0.0049999999999999906 0.7925 0.1825
831 0.2275 0.0025000000000000022 0.7925 0.1825
832 0.22749999999999998 0.007499999999999993 0.79 0.185
833 0.225 0.0050000000000000044 0.7875 0.1825
834 0.2225 0.0025000000000000022 0.7849999999999999 0.185
835 0.225 0.0 0.7825 0.1825
836 0.2275 0.0025000000000000022 0.7849999999999999 0.18
837 0.225 0.0 0.7825 0.1775
838 0.2275 0.0025000000000000022 0.7849999999999999 0.175
839 0.2275 0.0025000000000000022 0.7875 0.1725
840 0.225 0.0050000000000000044 0.7875 0.1775
841 0.22749999999999998 0.007499999999999993 0.7875 0.1775
842 0.22999999999999998 0.0049999999999999906 0.7849999999999999 0.18
843 0.225 0.0 0.7825 0.1775
844 0.2225 0.0025000000000000022 0.7825 0.1775
845 0.2225 0.0025000000000000022 0.7875 0.1725
846 0.225 0.0 0.7875 0.1725
847 0.225 0.0 0.7875 0.1725
848 0.22 0.0050000000000000044 0.7875 0.1725
849 0.2225 0.007500000000000007 0.7875 0.1725
850 0.22499999999999998 0.009999999999999995 0.7875 0.1725
851 0.2225 0.007500000000000007 0.7875 0.1725
852 0.22499999999999998 0.009999999999999995 0.7875 0.1725
853 0.2275 0.0025000000000000022 0.79 0.16999999999999998
854 0.23 0.0 0.7875 0.1725
855 0.23249999999999998 0.007499999999999993 0.7875 0.1725
856 0.23249999999999998 0.012499999999999997 0.7849999999999999 0.175
857 0.235 0.009999999999999995 0.78 0.18
858 0.23249999999999998 0.012499999999999997 0.78 0.18
859 0.235 0.015 0.7849999999999999 0.175
860 0.2375 0.012499999999999997 0.7849999999999999 0.175
861 0.235 0.015 0.7849999999999999 0.175
862 0.22999999999999998 0.015 0.7849999999999999 0.175
863 0.22999999999999998 0.009999999999999995 0.7825 0.1775
864 0.235 0.015 0.78 0.18
865 0.2375 0.0175 0.7825 0.1775
866 0.2375 0.022500000000000006 0.78 0.18
867 0.235 0.020000000000000004 0.78 0.18
868 0.235 0.020000000000000004 0.78 0.18
869 0.2375 0.022500000000000006 0.7749999999999999 0.185
870 0.23249999999999998 0.022500000000000006 0.7725 0.1875
871 0.235 0.020000000000000004 0.77 0.19
872 0.23249999999999998 0.022500000000000006 0.77 0.19
873 0.23249999999999998 0.02750000000000001 0.77 0.19
874 0.235 0.02500000000000001 0.77 0.19
875 0.235 0.020000000000000004 0.7675 0.1875
876 0.23249999999999998 0.022500000000000006 0.7675 0.1925
877 0.22999999999999998 0.020000000000000004 0.7675 0.1925
878 0.22749999999999998 0.0175 0.7725 0.1925
879 0.22499999999999998 0.015 0.7725 0.1925
880 0.22249999999999998 0.012499999999999997 0.7725 0.1925
881 0.22 0.010000000000000009 0.77 0.195
882 0.22249999999999998 0.012499999999999997 0.7725 0.1925
883 0.2175 0.012500000000000011 0.7749999999999999 0.19
884 0.2175 0.012500000000000011 0.7775 0.1875
885 0.22499999999999998 0.015 0.78 0.185
886 0.22499999999999998 0.020000000000000004 0.7775 0.1875
887 0.22749999999999998 0.0175 0.7775 0.1875
888 0.22499999999999998 0.020000000000000004 0.7775 0.1875
889 0.22249999999999998 0.0175 0.78 0.185
890 0.2175 0.012500000000000011 0.7825 0.1825
891 0.2175 0.012500000000000011 0.7825 0.1825
892 0.21250000000000002 0.012499999999999997 0.7825 0.1825
893 0.21250000000000002 0.012499999999999997 0.7849999999999999 0.18
894 0.21000000000000002 0.020000000000000004 0.7849999999999999 0.18
895 0.2125 0.022499999999999992 0.7875 0.1775
896 0.21 0.03 0.7849999999999999 0.18
897 0.21 0.03 0.7825 0.1825
898 0.21 0.024999999999999994 0.7849999999999999 0.18
899 0.21 0.024999999999999994 0.7875 0.1775
900 0.20500000000000002 0.02500000000000001 0.7849999999999999 0.18
