epochs baseline std_baseline only_head std_only_head self_transfer_full_fine_tuning std_self_transfer_full_fine_tuning hybrid_self_transfer std_hybrid_self_transfer
0 0.25555555555555554 0.017777777777777767 0.5688888888888889 0.28444444444444444 0.2922222222222222 0.07666666666666666 0.37222222222222223 0.08777777777777779
1 0.2633333333333333 0.014444444444444454 0.6255555555555555 0.26555555555555554 0.33444444444444443 0.11888888888888888 0.43666666666666665 0.13888888888888892
2 0.2777777777777778 0.0022222222222222365 0.6977777777777778 0.2311111111111111 0.3888888888888889 0.1488888888888889 0.49777777777777776 0.18222222222222226
3 0.2977777777777778 0.004444444444444445 0.76 0.2088888888888889 0.4255555555555555 0.1522222222222222 0.5166666666666667 0.21222222222222223
4 0.31333333333333335 0.0022222222222222088 0.8222222222222222 0.14666666666666667 0.46555555555555556 0.15444444444444444 0.5322222222222223 0.23
5 0.31333333333333335 0.0 0.8733333333333333 0.10222222222222221 0.4911111111111111 0.14444444444444443 0.5466666666666666 0.21333333333333335
6 0.3277777777777778 0.003333333333333355 0.9122222222222223 0.056666666666666705 0.49444444444444446 0.1166666666666667 0.5588888888888889 0.2077777777777778
7 0.3322222222222222 0.027777777777777762 0.9555555555555555 0.013333333333333364 0.5033333333333333 0.0811111111111111 0.5888888888888889 0.20666666666666667
8 0.33666666666666667 0.023333333333333317 0.9744444444444444 0.0033333333333332993 0.49888888888888894 0.041111111111111126 0.6000000000000001 0.18444444444444447
9 0.35333333333333333 0.0022222222222222365 0.9744444444444444 0.0033333333333332993 0.4955555555555555 0.042222222222222244 0.6233333333333333 0.19444444444444448
10 0.38 0.024444444444444435 0.9788888888888889 0.003333333333333355 0.518888888888889 0.01222222222222219 0.6433333333333333 0.19444444444444442
11 0.41888888888888887 0.04777777777777778 0.9766666666666666 0.0011111111111111183 0.5511111111111111 0.013333333333333308 0.6633333333333333 0.19000000000000003
12 0.45111111111111113 0.04222222222222222 0.98 0.0 0.5711111111111111 0.022222222222222254 0.6788888888888889 0.19000000000000003
13 0.49 0.032222222222222235 0.981111111111111 0.0011111111111111183 0.6033333333333333 0.058888888888888935 0.6833333333333333 0.1677777777777778
14 0.51 0.025555555555555554 0.98 0.0 0.6155555555555556 0.1111111111111111 0.6811111111111111 0.1611111111111111
15 0.5311111111111111 0.0 0.9866666666666667 0.0022222222222222365 0.6122222222222222 0.1366666666666667 0.6966666666666667 0.14777777777777779
16 0.5366666666666666 0.0011111111111111183 0.9822222222222222 0.004444444444444473 0.6333333333333333 0.14666666666666667 0.7 0.14666666666666667
17 0.5711111111111111 0.011111111111111072 0.9744444444444444 0.0033333333333332993 0.6377777777777778 0.16222222222222224 0.7022222222222223 0.1422222222222222
18 0.6144444444444445 0.007777777777777772 0.9677777777777778 0.0011111111111111183 0.6566666666666667 0.17444444444444446 0.6988888888888889 0.12777777777777777
19 0.6366666666666667 0.014444444444444426 0.9688888888888889 0.0 0.6588888888888889 0.18333333333333332 0.7088888888888889 0.12444444444444447
20 0.6833333333333333 0.012222222222222245 0.9666666666666667 0.0 0.6699999999999999 0.2033333333333333 0.7166666666666667 0.13666666666666671
21 0.7144444444444444 0.025555555555555554 0.97 0.0011111111111111183 0.6855555555555556 0.2188888888888889 0.7088888888888889 0.12222222222222223
22 0.7233333333333334 0.034444444444444444 0.9744444444444444 0.005555555555555536 0.7033333333333334 0.20555555555555555 0.72 0.11333333333333334
23 0.7488888888888889 0.019999999999999962 0.9755555555555555 0.006666666666666654 0.72 0.2177777777777778 0.7011111111111111 0.09888888888888892
24 0.7633333333333334 0.03666666666666668 0.971111111111111 0.011111111111111127 0.7333333333333334 0.2177777777777778 0.7044444444444444 0.06
25 0.7711111111111111 0.022222222222222202 0.971111111111111 0.00888888888888889 0.7455555555555555 0.20777777777777778 0.7055555555555555 0.045555555555555516
26 0.8 0.015555555555555545 0.9755555555555555 0.006666666666666654 0.7333333333333334 0.22000000000000003 0.6944444444444444 0.0411111111111111
27 0.8144444444444444 0.007777777777777772 0.9722222222222222 0.0033333333333332993 0.7333333333333334 0.22000000000000003 0.6844444444444444 0.026666666666666672
28 0.8300000000000001 0.005555555555555591 0.98 0.004444444444444473 0.7466666666666667 0.20666666666666667 0.6877777777777778 0.021111111111111136
29 0.8233333333333334 0.025555555555555554 0.9766666666666667 0.005555555555555536 0.7455555555555555 0.20777777777777778 0.6677777777777778 0.016666666666666663
30 0.8288888888888889 0.02444444444444449 0.9744444444444444 0.0033333333333332993 0.741111111111111 0.21000000000000005 0.6433333333333333 0.007777777777777772
31 0.8311111111111111 0.03111111111111109 0.9744444444444444 0.0033333333333332993 0.7333333333333334 0.21111111111111108 0.6144444444444445 0.03888888888888886
32 0.8422222222222222 0.028888888888888853 0.9677777777777778 0.003333333333333355 0.72 0.22444444444444442 0.6022222222222222 0.0377777777777778
33 0.8644444444444443 0.006666666666666654 0.9622222222222222 0.0 0.7122222222222222 0.24111111111111114 0.6055555555555556 0.04999999999999999
34 0.8722222222222222 0.005555555555555536 0.9644444444444444 0.0 0.7233333333333334 0.23888888888888887 0.6044444444444445 0.05777777777777782
35 0.8766666666666667 0.01222222222222219 0.9666666666666667 0.00666666666666671 0.7288888888888889 0.24000000000000002 0.6122222222222222 0.050000000000000044
36 0.8955555555555555 0.0022222222222222365 0.9733333333333334 0.002222222222222181 0.7322222222222222 0.24333333333333332 0.6288888888888888 0.037777777777777743
37 0.8944444444444444 0.0011111111111111183 0.9688888888888889 0.0 0.7455555555555555 0.22999999999999998 0.63 0.043333333333333335
38 0.8988888888888888 0.0011111111111111183 0.97 0.005555555555555536 0.7477777777777778 0.2122222222222222 0.6377777777777778 0.046666666666666634
39 0.9188888888888889 0.010000000000000009 0.9666666666666666 0.00888888888888889 0.7422222222222222 0.21999999999999997 0.6344444444444444 0.03666666666666668
40 0.9355555555555555 0.006666666666666654 0.9633333333333334 0.0011111111111111183 0.7511111111111111 0.20444444444444448 0.6133333333333333 0.04444444444444445
41 0.94 0.002222222222222181 0.9644444444444444 0.0022222222222222365 0.7622222222222222 0.19111111111111112 0.6033333333333333 0.03666666666666668
42 0.9533333333333334 0.0044444444444444176 0.97 0.005555555555555536 0.76 0.20444444444444443 0.5877777777777777 0.021111111111111136
43 0.95 0.007777777777777772 0.9666666666666667 0.00666666666666671 0.7666666666666666 0.20222222222222225 0.5888888888888889 0.015555555555555545
44 0.9488888888888889 0.0 0.9677777777777778 0.005555555555555591 0.7711111111111111 0.20444444444444443 0.5900000000000001 0.0188888888888889
45 0.9488888888888889 0.0 0.9755555555555555 0.002222222222222181 0.7622222222222221 0.21555555555555556 0.5911111111111111 0.024444444444444435
46 0.9377777777777778 0.011111111111111127 0.9777777777777777 0.0022222222222222365 0.7655555555555555 0.20999999999999996 0.5944444444444446 0.034444444444444444
47 0.9411111111111111 0.014444444444444482 0.9788888888888889 0.0011111111111111183 0.7566666666666666 0.21888888888888886 0.5944444444444444 0.05222222222222217
48 0.94 0.011111111111111127 0.9722222222222222 0.0033333333333332993 0.7377777777777779 0.23333333333333334 0.5933333333333333 0.055555555555555525
49 0.9433333333333334 0.010000000000000009 0.9766666666666667 0.007777777777777772 0.7288888888888889 0.2333333333333333 0.61 0.05888888888888888
50 0.9344444444444444 0.014444444444444426 0.9711111111111111 0.0 0.7188888888888889 0.24555555555555555 0.6077777777777778 0.04777777777777775
51 0.9444444444444444 0.0022222222222222365 0.9677777777777778 0.0011111111111111183 0.7255555555555555 0.24555555555555558 0.6122222222222222 0.043333333333333335
52 0.9444444444444444 0.0022222222222222365 0.971111111111111 0.006666666666666654 0.7188888888888889 0.25 0.6333333333333333 0.020000000000000018
53 0.9477777777777778 0.0011111111111111183 0.97 0.005555555555555536 0.7377777777777778 0.23777777777777775 0.6622222222222223 0.011111111111111127
54 0.9544444444444444 0.010000000000000009 0.9711111111111111 0.0022222222222222365 0.7488888888888889 0.22444444444444445 0.6688888888888889 0.0022222222222222365
55 0.9588888888888889 0.007777777777777772 0.9711111111111111 0.0022222222222222365 0.7444444444444445 0.21999999999999997 0.6966666666666668 0.016666666666666663
56 0.96 0.0044444444444444176 0.9722222222222222 0.0033333333333332993 0.75 0.2122222222222222 0.7055555555555555 0.0188888888888889
57 0.9677777777777778 0.003333333333333355 0.9711111111111111 0.0022222222222222365 0.7544444444444445 0.21444444444444444 0.7022222222222222 0.01777777777777778
58 0.9733333333333334 0.002222222222222181 0.9711111111111111 0.0022222222222222365 0.76 0.21555555555555556 0.7133333333333334 0.01777777777777778
59 0.9644444444444444 0.0022222222222222365 0.9744444444444444 0.0033333333333332993 0.7577777777777778 0.21777777777777774 0.7277777777777779 0.003333333333333355
60 0.9588888888888889 0.005555555555555536 0.9666666666666667 0.0 0.7544444444444445 0.21666666666666667 0.731111111111111 0.024444444444444435
61 0.9566666666666667 0.007777777777777772 0.9655555555555555 0.005555555555555591 0.741111111111111 0.22333333333333333 0.7244444444444444 0.020000000000000018
62 0.9566666666666667 0.007777777777777772 0.9655555555555555 0.003333333333333355 0.7388888888888889 0.21666666666666667 0.7344444444444445 0.034444444444444444
63 0.9566666666666667 0.007777777777777772 0.9655555555555555 0.0011111111111111183 0.7333333333333333 0.22444444444444445 0.7244444444444444 0.053333333333333344
64 0.9555555555555555 0.00888888888888889 0.9677777777777778 0.003333333333333355 0.7266666666666667 0.22666666666666668 0.7333333333333334 0.055555555555555525
65 0.9577777777777778 0.002222222222222181 0.9722222222222223 0.0011111111111111183 0.7222222222222222 0.24222222222222223 0.7433333333333333 0.05888888888888888
66 0.9588888888888889 0.005555555555555536 0.9777777777777777 0.0 0.7244444444444444 0.24 0.758888888888889 0.056666666666666705
67 0.9644444444444444 0.00666666666666671 0.9755555555555555 0.0044444444444444176 0.7311111111111112 0.24222222222222226 0.7777777777777778 0.05777777777777782
68 0.9644444444444444 0.011111111111111072 0.9722222222222223 0.0011111111111111183 0.72 0.24666666666666667 0.8044444444444445 0.03999999999999998
69 0.9644444444444444 0.00888888888888889 0.9766666666666667 0.0033333333333332993 0.7166666666666667 0.24555555555555555 0.8133333333333334 0.046666666666666634
70 0.9622222222222223 0.006666666666666654 0.9777777777777777 0.0 0.7 0.2577777777777777 0.8111111111111111 0.053333333333333344
71 0.9644444444444444 0.004444444444444473 0.9755555555555555 0.006666666666666654 0.7011111111111111 0.25 0.8111111111111111 0.05777777777777782
72 0.9677777777777778 0.0011111111111111183 0.9777777777777779 0.006666666666666654 0.6922222222222223 0.2588888888888889 0.8044444444444445 0.05777777777777776
73 0.9722222222222223 0.0011111111111111183 0.9766666666666667 0.0033333333333332993 0.7022222222222223 0.25333333333333335 0.8033333333333333 0.061111111111111116
74 0.9755555555555555 0.002222222222222181 0.9733333333333334 0.002222222222222181 0.7088888888888889 0.24888888888888885 0.8055555555555556 0.06555555555555553
75 0.9755555555555555 0.002222222222222181 0.9733333333333334 0.006666666666666654 0.7 0.2622222222222222 0.7966666666666666 0.07666666666666666
76 0.9722222222222222 0.005555555555555536 0.9766666666666667 0.007777777777777772 0.7055555555555555 0.2588888888888889 0.8 0.08000000000000002
77 0.9688888888888889 0.00888888888888889 0.9788888888888889 0.010000000000000009 0.7222222222222222 0.24666666666666667 0.8066666666666666 0.0822222222222222
78 0.9655555555555555 0.005555555555555591 0.98 0.004444444444444473 0.731111111111111 0.2444444444444444 0.8244444444444444 0.07111111111111112
79 0.9666666666666666 0.00888888888888889 0.9777777777777777 0.0 0.7288888888888889 0.25111111111111106 0.8433333333333333 0.056666666666666705
80 0.9677777777777777 0.010000000000000009 0.9766666666666667 0.0033333333333332993 0.7344444444444445 0.25 0.8433333333333333 0.06555555555555553
81 0.9666666666666667 0.004444444444444473 0.9766666666666666 0.0011111111111111183 0.7388888888888889 0.24555555555555555 0.8455555555555556 0.06777777777777777
82 0.9666666666666667 0.00666666666666671 0.9744444444444444 0.0033333333333332993 0.7355555555555555 0.23999999999999996 0.8333333333333334 0.07111111111111112
83 0.9677777777777778 0.0011111111111111183 0.9722222222222222 0.0033333333333332993 0.7455555555555555 0.22999999999999998 0.8266666666666667 0.07999999999999996
84 0.9677777777777778 0.0011111111111111183 0.97 0.007777777777777772 0.7555555555555555 0.2177777777777778 0.8222222222222222 0.08222222222222225
85 0.9755555555555555 0.0 0.97 0.007777777777777772 0.7422222222222221 0.23333333333333334 0.8211111111111111 0.08333333333333337
86 0.9744444444444444 0.005555555555555536 0.9688888888888889 0.011111111111111127 0.74 0.22666666666666668 0.8211111111111111 0.08333333333333337
87 0.9755555555555555 0.0 0.971111111111111 0.011111111111111127 0.73 0.23666666666666666 0.8200000000000001 0.07555555555555554
88 0.971111111111111 0.0044444444444444176 0.971111111111111 0.0044444444444444176 0.7333333333333334 0.23333333333333334 0.8333333333333334 0.06888888888888889
89 0.9677777777777778 0.005555555555555591 0.9733333333333334 0.006666666666666654 0.72 0.2422222222222222 0.8422222222222222 0.07555555555555554
90 0.97 0.005555555555555536 0.971111111111111 0.006666666666666654 0.7122222222222222 0.2544444444444445 0.8466666666666667 0.08444444444444443
91 0.9655555555555555 0.0011111111111111183 0.9677777777777778 0.003333333333333355 0.7022222222222223 0.27111111111111114 0.8644444444444443 0.07777777777777778
92 0.9722222222222222 0.005555555555555536 0.9666666666666667 0.0022222222222222365 0.6877777777777778 0.27888888888888885 0.8588888888888888 0.08777777777777779
93 0.9722222222222223 0.0011111111111111183 0.9655555555555555 0.007777777777777828 0.6866666666666666 0.27555555555555555 0.8611111111111112 0.08333333333333331
94 0.97 0.010000000000000009 0.9711111111111111 0.0022222222222222365 0.6855555555555556 0.2833333333333333 0.8744444444444445 0.08111111111111113
95 0.97 0.003333333333333355 0.9744444444444444 0.005555555555555536 0.7011111111111111 0.2588888888888889 0.8611111111111112 0.07
96 0.97 0.003333333333333355 0.98 0.004444444444444473 0.7066666666666667 0.25333333333333335 0.8555555555555556 0.0733333333333333
97 0.9633333333333334 0.005555555555555591 0.9844444444444445 0.004444444444444473 0.7122222222222222 0.25222222222222224 0.8466666666666667 0.0822222222222222
98 0.9622222222222222 0.0022222222222222365 0.9866666666666667 0.0022222222222222365 0.6966666666666667 0.2611111111111111 0.8544444444444445 0.08111111111111113
99 0.9722222222222222 0.0033333333333332993 0.9877777777777779 0.003333333333333355 0.6977777777777777 0.2622222222222222 0.8433333333333333 0.09666666666666662
100 0.9688888888888889 0.0 0.9777777777777779 0.006666666666666654 0.6977777777777778 0.2577777777777778 0.8555555555555555 0.10444444444444445
101 0.97 0.0011111111111111183 0.9722222222222222 0.005555555555555536 0.6799999999999999 0.26666666666666666 0.8577777777777778 0.09333333333333332
102 0.9722222222222222 0.0033333333333332993 0.9688888888888889 0.00888888888888889 0.6844444444444444 0.27111111111111114 0.8577777777777778 0.08666666666666667
103 0.9722222222222223 0.0011111111111111183 0.97 0.010000000000000009 0.7088888888888889 0.25333333333333335 0.8622222222222222 0.09333333333333338
104 0.9688888888888889 0.0022222222222222365 0.9677777777777778 0.005555555555555591 0.7155555555555555 0.25333333333333335 0.8655555555555556 0.08777777777777779
105 0.9722222222222223 0.0011111111111111183 0.9688888888888889 0.004444444444444473 0.7133333333333334 0.26000000000000006 0.8655555555555556 0.08777777777777779
106 0.9733333333333334 0.0 0.9655555555555555 0.0011111111111111183 0.7177777777777778 0.25333333333333335 0.8666666666666667 0.0977777777777778
107 0.9722222222222222 0.0033333333333332993 0.9622222222222222 0.0022222222222222365 0.7288888888888889 0.25111111111111106 0.8611111111111112 0.09666666666666662
108 0.9733333333333334 0.0044444444444444176 0.96 0.0044444444444444176 0.7344444444444445 0.24111111111111108 0.8633333333333333 0.08777777777777779
109 0.9766666666666666 0.0011111111111111183 0.9611111111111111 0.005555555555555536 0.7344444444444445 0.24111111111111108 0.8611111111111112 0.08555555555555555
110 0.9688888888888889 0.004444444444444473 0.9633333333333334 0.005555555555555591 0.7344444444444445 0.24777777777777776 0.8555555555555556 0.10000000000000003
111 0.97 0.007777777777777772 0.9688888888888889 0.0 0.731111111111111 0.2444444444444444 0.8588888888888888 0.08555555555555555
112 0.971111111111111 0.006666666666666654 0.9733333333333334 0.0044444444444444176 0.7233333333333334 0.25000000000000006 0.8666666666666667 0.08444444444444443
113 0.9722222222222223 0.0011111111111111183 0.9677777777777778 0.0011111111111111183 0.7144444444444444 0.2677777777777778 0.8777777777777778 0.08444444444444443
114 0.9766666666666667 0.0033333333333332993 0.9722222222222222 0.0033333333333332993 0.7088888888888889 0.26888888888888884 0.8566666666666667 0.10333333333333335
115 0.9788888888888889 0.003333333333333355 0.9733333333333334 0.0 0.7144444444444444 0.2633333333333333 0.8588888888888888 0.1077777777777778
116 0.9744444444444444 0.014444444444444482 0.971111111111111 0.0044444444444444176 0.71 0.2677777777777778 0.8522222222222222 0.10555555555555551
117 0.9733333333333334 0.0155555555555556 0.9722222222222222 0.0033333333333332993 0.7055555555555555 0.2611111111111111 0.8533333333333333 0.10222222222222227
118 0.97 0.014444444444444426 0.9722222222222222 0.0033333333333332993 0.7155555555555555 0.25333333333333335 0.8555555555555556 0.10000000000000003
119 0.9677777777777778 0.014444444444444426 0.9688888888888889 0.0022222222222222365 0.7077777777777778 0.26333333333333336 0.8677777777777778 0.08555555555555555
120 0.971111111111111 0.011111111111111127 0.9666666666666667 0.0022222222222222365 0.7155555555555556 0.2577777777777778 0.8822222222222222 0.07333333333333336
121 0.9766666666666667 0.0033333333333332993 0.9633333333333334 0.003333333333333355 0.7122222222222223 0.2611111111111111 0.8822222222222222 0.08000000000000002
122 0.9755555555555555 0.0044444444444444176 0.9666666666666667 0.00666666666666671 0.7055555555555555 0.2611111111111111 0.8855555555555555 0.07444444444444442
123 0.98 0.0 0.9677777777777778 0.005555555555555591 0.6888888888888889 0.2733333333333333 0.8788888888888888 0.07666666666666672
124 0.9733333333333334 0.002222222222222181 0.97 0.007777777777777772 0.6888888888888889 0.2644444444444444 0.8655555555555556 0.08777777777777779
125 0.9722222222222223 0.0011111111111111183 0.9766666666666667 0.0033333333333332993 0.6855555555555556 0.2655555555555556 0.8822222222222222 0.07777777777777778
126 0.9711111111111111 0.0022222222222222365 0.9755555555555555 0.0 0.6977777777777777 0.26 0.8744444444444445 0.0922222222222222
127 0.9755555555555555 0.002222222222222181 0.9677777777777778 0.0011111111111111183 0.7144444444444444 0.24555555555555553 0.8766666666666667 0.09000000000000002
128 0.9688888888888889 0.004444444444444473 0.9655555555555555 0.005555555555555591 0.7166666666666667 0.24777777777777776 0.8755555555555556 0.09555555555555556
129 0.97 0.0011111111111111183 0.9677777777777778 0.003333333333333355 0.7166666666666667 0.25222222222222224 0.8855555555555555 0.08999999999999997
130 0.9688888888888889 0.0022222222222222365 0.9655555555555555 0.0011111111111111183 0.7177777777777778 0.2511111111111111 0.8811111111111112 0.08777777777777779
131 0.9666666666666667 0.004444444444444473 0.9711111111111111 0.0022222222222222365 0.721111111111111 0.23888888888888887 0.8777777777777778 0.09111111111111114
132 0.9655555555555555 0.003333333333333355 0.9755555555555555 0.0044444444444444176 0.711111111111111 0.24888888888888888 0.8822222222222222 0.09111111111111114
133 0.9744444444444444 0.007777777777777772 0.9766666666666667 0.010000000000000009 0.7211111111111111 0.25000000000000006 0.8744444444444444 0.08777777777777779
134 0.9766666666666666 0.0011111111111111183 0.9755555555555555 0.00888888888888889 0.7155555555555555 0.25333333333333335 0.8666666666666667 0.0977777777777778
135 0.9766666666666667 0.0033333333333332993 0.9822222222222222 0.011111111111111072 0.7055555555555556 0.26777777777777784 0.8688888888888888 0.09555555555555556
136 0.97 0.003333333333333355 0.98 0.006666666666666654 0.7055555555555556 0.2811111111111111 0.8677777777777778 0.09666666666666668
137 0.9722222222222222 0.0033333333333332993 0.9766666666666666 0.0011111111111111183 0.7266666666666667 0.2577777777777778 0.8755555555555555 0.08444444444444443
138 0.9655555555555555 0.003333333333333355 0.98 0.0 0.73 0.2544444444444445 0.8811111111111112 0.08555555555555555
139 0.9666666666666667 0.0022222222222222365 0.9822222222222222 0.004444444444444473 0.7288888888888889 0.24888888888888888 0.8811111111111112 0.08777777777777779
140 0.9688888888888889 0.0022222222222222365 0.981111111111111 0.0011111111111111183 0.7288888888888889 0.24000000000000002 0.8855555555555555 0.08111111111111113
141 0.9722222222222222 0.0033333333333332993 0.9822222222222222 0.0022222222222222365 0.7133333333333334 0.24666666666666665 0.8844444444444445 0.08666666666666667
142 0.9766666666666667 0.007777777777777772 0.9866666666666667 0.0 0.7 0.25333333333333335 0.8911111111111112 0.08222222222222225
143 0.9788888888888889 0.005555555555555536 0.9822222222222222 0.0 0.7 0.2644444444444444 0.8888888888888888 0.08222222222222225
144 0.98 0.00888888888888889 0.9777777777777777 0.0022222222222222365 0.6888888888888889 0.2733333333333333 0.8888888888888888 0.08444444444444449
145 0.9777777777777779 0.006666666666666654 0.9733333333333334 0.006666666666666654 0.6977777777777778 0.27111111111111114 0.8777777777777778 0.09777777777777774
146 0.9822222222222222 0.0022222222222222365 0.9688888888888889 0.006666666666666654 0.7077777777777777 0.27222222222222225 0.8677777777777778 0.10555555555555557
147 0.9722222222222222 0.0033333333333332993 0.9688888888888889 0.0022222222222222365 0.7077777777777777 0.2677777777777778 0.8555555555555556 0.11333333333333334
148 0.97 0.0011111111111111183 0.971111111111111 0.0044444444444444176 0.71 0.26555555555555554 0.8611111111111112 0.11000000000000004
149 0.9688888888888889 0.0022222222222222365 0.971111111111111 0.0044444444444444176 0.7144444444444444 0.25666666666666665 0.8611111111111112 0.1077777777777778
150 0.971111111111111 0.0044444444444444176 0.9788888888888889 0.0011111111111111183 0.7022222222222222 0.26 0.8522222222222222 0.10333333333333335
151 0.9755555555555555 0.0044444444444444176 0.9766666666666667 0.0033333333333332993 0.7011111111111111 0.2544444444444445 0.8566666666666667 0.09888888888888892
152 0.9788888888888889 0.005555555555555536 0.9733333333333334 0.0 0.6955555555555556 0.26888888888888884 0.8633333333333333 0.1011111111111111
153 0.981111111111111 0.005555555555555591 0.97 0.0011111111111111183 0.6811111111111111 0.2766666666666666 0.8588888888888888 0.10555555555555557
154 0.9822222222222222 0.004444444444444473 0.9722222222222222 0.0033333333333332993 0.6833333333333333 0.27444444444444444 0.8655555555555555 0.10999999999999999
155 0.9788888888888889 0.003333333333333355 0.9688888888888889 0.006666666666666654 0.6733333333333333 0.28222222222222226 0.8766666666666667 0.1077777777777778
156 0.971111111111111 0.0044444444444444176 0.9733333333333334 0.0 0.6722222222222222 0.2855555555555555 0.8700000000000001 0.10333333333333335
157 0.9677777777777777 0.007777777777777772 0.9733333333333334 0.0 0.6722222222222223 0.29 0.8644444444444445 0.10444444444444445
158 0.9688888888888889 0.006666666666666654 0.9688888888888889 0.0022222222222222365 0.6955555555555556 0.2755555555555556 0.8655555555555555 0.09666666666666668
159 0.9644444444444444 0.00666666666666671 0.9722222222222223 0.0011111111111111183 0.7011111111111111 0.27222222222222225 0.8733333333333333 0.08888888888888885
160 0.9733333333333334 0.0044444444444444176 0.9711111111111111 0.0 0.6955555555555556 0.2777777777777778 0.8711111111111112 0.09333333333333332
161 0.9777777777777777 0.0022222222222222365 0.971111111111111 0.0044444444444444176 0.7077777777777778 0.26333333333333336 0.8755555555555556 0.09555555555555556
162 0.9766666666666667 0.0033333333333332993 0.9733333333333334 0.002222222222222181 0.7066666666666667 0.25333333333333335 0.8777777777777778 0.09555555555555556
163 0.9777777777777777 0.0022222222222222365 0.9722222222222222 0.005555555555555536 0.7 0.2577777777777777 0.8766666666666667 0.09666666666666668
164 0.9755555555555555 0.006666666666666654 0.97 0.005555555555555536 0.7044444444444444 0.2488888888888889 0.8666666666666667 0.10444444444444445
165 0.9777777777777779 0.011111111111111127 0.9688888888888889 0.006666666666666654 0.7077777777777778 0.2411111111111111 0.86 0.10888888888888892
166 0.9788888888888889 0.007777777777777772 0.971111111111111 0.00888888888888889 0.71 0.2388888888888889 0.8611111111111112 0.10333333333333335
167 0.9733333333333334 0.00888888888888889 0.9722222222222222 0.007777777777777772 0.711111111111111 0.24666666666666665 0.8544444444444445 0.1166666666666667
168 0.971111111111111 0.00888888888888889 0.9644444444444444 0.0022222222222222365 0.7122222222222222 0.25 0.8611111111111112 0.11222222222222222
169 0.97 0.003333333333333355 0.9666666666666667 0.0022222222222222365 0.72 0.24666666666666667 0.8755555555555556 0.0977777777777778
170 0.97 0.005555555555555536 0.9644444444444444 0.0 0.7188888888888889 0.25222222222222224 0.8677777777777778 0.10333333333333335
171 0.9711111111111111 0.0022222222222222365 0.9655555555555555 0.005555555555555591 0.7133333333333334 0.26666666666666666 0.8766666666666667 0.10333333333333335
172 0.971111111111111 0.0044444444444444176 0.9666666666666667 0.0 0.7033333333333334 0.26777777777777784 0.8766666666666667 0.1011111111111111
173 0.9722222222222223 0.0011111111111111183 0.9766666666666666 0.0011111111111111183 0.7066666666666667 0.2644444444444444 0.8722222222222222 0.10111111111111115
174 0.9755555555555555 0.002222222222222181 0.9711111111111111 0.0022222222222222365 0.7122222222222222 0.25222222222222224 0.8744444444444445 0.09888888888888892
175 0.9777777777777777 0.0022222222222222365 0.9688888888888889 0.0022222222222222365 0.7155555555555555 0.24444444444444444 0.87 0.10111111111111115
176 0.9788888888888889 0.003333333333333355 0.9722222222222222 0.005555555555555536 0.72 0.23777777777777775 0.8777777777777778 0.09333333333333332
177 0.9788888888888889 0.005555555555555536 0.971111111111111 0.0044444444444444176 0.7088888888888889 0.24444444444444446 0.8722222222222222 0.09444444444444444
178 0.9822222222222223 0.00888888888888889 0.9688888888888889 0.006666666666666654 0.7244444444444444 0.23111111111111113 0.8788888888888888 0.08777777777777779
179 0.9766666666666667 0.005555555555555536 0.9788888888888889 0.0011111111111111183 0.7155555555555555 0.24666666666666665 0.8766666666666667 0.08777777777777779
180 0.9755555555555555 0.002222222222222181 0.9788888888888889 0.003333333333333355 0.72 0.23111111111111113 0.8777777777777778 0.08666666666666667
181 0.97 0.0011111111111111183 0.9777777777777779 0.006666666666666654 0.73 0.22111111111111115 0.8755555555555556 0.09111111111111109
182 0.97 0.005555555555555536 0.98 0.0022222222222222365 0.711111111111111 0.24666666666666665 0.8633333333333333 0.1077777777777778
183 0.9677777777777778 0.003333333333333355 0.9766666666666666 0.0011111111111111183 0.7044444444444444 0.2577777777777778 0.8655555555555556 0.11666666666666664
184 0.9722222222222223 0.0011111111111111183 0.9777777777777777 0.0 0.7022222222222223 0.2688888888888889 0.8655555555555555 0.11222222222222222
185 0.9755555555555555 0.002222222222222181 0.9755555555555555 0.0 0.6877777777777778 0.2811111111111111 0.8655555555555555 0.10999999999999999
186 0.9766666666666666 0.0011111111111111183 0.9766666666666667 0.005555555555555536 0.6822222222222223 0.27111111111111114 0.8655555555555556 0.10555555555555557
187 0.97 0.0011111111111111183 0.9744444444444444 0.007777777777777772 0.6922222222222223 0.26333333333333336 0.8822222222222222 0.09333333333333332
188 0.9722222222222222 0.0033333333333332993 0.9788888888888889 0.007777777777777772 0.6977777777777778 0.2511111111111111 0.8688888888888889 0.10222222222222221
189 0.97 0.003333333333333355 0.981111111111111 0.01222222222222219 0.7044444444444444 0.24222222222222223 0.8722222222222222 0.09666666666666668
190 0.9733333333333334 0.0044444444444444176 0.9777777777777779 0.011111111111111127 0.7022222222222222 0.24444444444444444 0.8688888888888888 0.09555555555555556
191 0.9733333333333334 0.002222222222222181 0.9733333333333334 0.0044444444444444176 0.7066666666666667 0.26 0.8755555555555556 0.09111111111111109
192 0.9766666666666667 0.0033333333333332993 0.9711111111111111 0.0022222222222222365 0.7133333333333334 0.24666666666666665 0.8777777777777778 0.08444444444444443
193 0.981111111111111 0.003333333333333355 0.97 0.005555555555555536 0.6977777777777778 0.25555555555555554 0.8822222222222222 0.0822222222222222
194 0.98 0.004444444444444473 0.9733333333333334 0.00888888888888889 0.7022222222222223 0.25333333333333335 0.8733333333333333 0.0977777777777778
195 0.9788888888888889 0.005555555555555536 0.9688888888888889 0.00888888888888889 0.7022222222222223 0.25333333333333335 0.8766666666666667 0.09666666666666668
196 0.9788888888888889 0.003333333333333355 0.9688888888888889 0.004444444444444473 0.6888888888888889 0.26888888888888884 0.8777777777777778 0.09555555555555556
197 0.9744444444444444 0.0011111111111110628 0.9722222222222222 0.0033333333333332993 0.68 0.2911111111111111 0.8711111111111112 0.1044444444444444
198 0.9766666666666666 0.0011111111111111183 0.9711111111111111 0.0022222222222222365 0.6866666666666668 0.2866666666666667 0.8766666666666667 0.09666666666666668
199 0.97 0.0011111111111111183 0.9744444444444444 0.010000000000000009 0.6866666666666666 0.28444444444444444 0.8755555555555555 0.08666666666666667
200 0.9677777777777778 0.0011111111111111183 0.971111111111111 0.013333333333333364 0.6933333333333334 0.27555555555555555 0.8644444444444445 0.08666666666666667
201 0.9711111111111111 0.0022222222222222365 0.9677777777777777 0.007777777777777772 0.7122222222222222 0.25666666666666665 0.8566666666666667 0.0922222222222222
202 0.9622222222222222 0.0022222222222222365 0.9677777777777777 0.007777777777777772 0.71 0.26333333333333336 0.8522222222222222 0.0922222222222222
203 0.9633333333333334 0.0011111111111111183 0.9655555555555555 0.0011111111111111183 0.6966666666666667 0.27444444444444444 0.8533333333333333 0.09555555555555556
204 0.9688888888888889 0.0022222222222222365 0.9666666666666667 0.004444444444444473 0.7033333333333334 0.26777777777777784 0.8522222222222222 0.10555555555555551
205 0.97 0.0011111111111111183 0.9622222222222222 0.004444444444444473 0.7066666666666667 0.26222222222222225 0.8566666666666667 0.10777777777777775
206 0.9722222222222223 0.0011111111111111183 0.971111111111111 0.006666666666666654 0.6977777777777778 0.2733333333333333 0.8544444444444445 0.10777777777777775
207 0.9744444444444444 0.0033333333333332993 0.9722222222222223 0.0011111111111111183 0.7044444444444444 0.25555555555555554 0.8622222222222222 0.10222222222222221
208 0.9744444444444444 0.0011111111111110628 0.9755555555555555 0.0 0.7077777777777777 0.25222222222222224 0.8566666666666667 0.10555555555555557
209 0.9688888888888889 0.004444444444444473 0.98 0.0022222222222222365 0.701111111111111 0.25666666666666665 0.8633333333333333 0.09666666666666662
210 0.9688888888888889 0.004444444444444473 0.98 0.004444444444444473 0.7088888888888889 0.26 0.8722222222222222 0.09888888888888892
211 0.9688888888888889 0.004444444444444473 0.9833333333333334 0.0011111111111111183 0.6933333333333334 0.27111111111111114 0.8711111111111112 0.09555555555555556
212 0.9677777777777778 0.003333333333333355 0.9833333333333334 0.003333333333333355 0.6911111111111111 0.27111111111111114 0.8777777777777778 0.09555555555555556
213 0.9688888888888889 0.011111111111111127 0.9777777777777777 0.0022222222222222365 0.6966666666666667 0.27444444444444444 0.8855555555555555 0.09888888888888892
214 0.9666666666666667 0.00666666666666671 0.9822222222222223 0.00888888888888889 0.6877777777777778 0.27888888888888885 0.8788888888888888 0.1011111111111111
215 0.9744444444444444 0.0011111111111110628 0.9811111111111112 0.007777777777777772 0.6877777777777778 0.27666666666666667 0.8688888888888888 0.10000000000000003
216 0.9755555555555555 0.002222222222222181 0.98 0.00888888888888889 0.6966666666666667 0.27222222222222225 0.8677777777777778 0.10333333333333335
217 0.9811111111111112 0.007777777777777772 0.9766666666666667 0.0033333333333332993 0.6877777777777778 0.2833333333333333 0.8744444444444445 0.09888888888888892
218 0.98 0.00888888888888889 0.9777777777777779 0.0044444444444444176 0.6822222222222223 0.2822222222222222 0.8677777777777778 0.10555555555555557
219 0.981111111111111 0.003333333333333355 0.9777777777777779 0.006666666666666654 0.6933333333333334 0.2644444444444444 0.87 0.09888888888888892
220 0.9755555555555555 0.006666666666666654 0.9788888888888889 0.003333333333333355 0.6866666666666666 0.27555555555555555 0.8677777777777778 0.11222222222222222
221 0.9755555555555555 0.0 0.9855555555555555 0.0011111111111111183 0.6833333333333333 0.2766666666666666 0.8522222222222222 0.11444444444444446
222 0.9755555555555555 0.0 0.9877777777777779 0.003333333333333355 0.68 0.2733333333333333 0.8488888888888888 0.11333333333333334
223 0.97 0.005555555555555536 0.981111111111111 0.005555555555555591 0.6766666666666667 0.2788888888888889 0.86 0.10444444444444445
224 0.9677777777777777 0.010000000000000009 0.9788888888888889 0.005555555555555536 0.6822222222222223 0.2688888888888889 0.8622222222222222 0.10888888888888892
225 0.9666666666666666 0.00888888888888889 0.9777777777777779 0.00888888888888889 0.6922222222222222 0.26555555555555554 0.8733333333333333 0.10222222222222221
226 0.9644444444444444 0.011111111111111072 0.9755555555555555 0.0044444444444444176 0.6888888888888889 0.27555555555555555 0.8777777777777778 0.10666666666666669
227 0.9611111111111111 0.007777777777777772 0.9733333333333334 0.006666666666666654 0.7022222222222222 0.2666666666666667 0.87 0.10777777777777775
228 0.9688888888888889 0.0022222222222222365 0.9766666666666667 0.0033333333333332993 0.6944444444444444 0.27444444444444444 0.8633333333333333 0.11222222222222222
229 0.9633333333333334 0.0011111111111111183 0.9733333333333334 0.0 0.6977777777777777 0.2777777777777778 0.8622222222222222 0.11111111111111116
230 0.9622222222222223 0.00888888888888889 0.9722222222222223 0.0011111111111111183 0.6922222222222223 0.2788888888888889 0.8600000000000001 0.11333333333333334
231 0.9688888888888889 0.004444444444444473 0.9766666666666666 0.0011111111111111183 0.6766666666666666 0.29000000000000004 0.8688888888888889 0.10444444444444445
232 0.9666666666666667 0.004444444444444473 0.9855555555555555 0.0011111111111111183 0.6955555555555556 0.2755555555555556 0.8644444444444445 0.10444444444444445
233 0.9677777777777778 0.003333333333333355 0.9866666666666667 0.004444444444444473 0.6966666666666667 0.26555555555555554 0.8744444444444445 0.09888888888888892
234 0.9722222222222222 0.0033333333333332993 0.9877777777777779 0.0011111111111111183 0.7055555555555555 0.2611111111111111 0.8788888888888888 0.08777777777777779
235 0.971111111111111 0.006666666666666654 0.9788888888888889 0.005555555555555536 0.7111111111111111 0.25333333333333335 0.87 0.09444444444444444
236 0.9755555555555555 0.006666666666666654 0.9755555555555555 0.0044444444444444176 0.7077777777777777 0.24999999999999997 0.86 0.10888888888888892
237 0.9744444444444444 0.007777777777777772 0.9733333333333334 0.006666666666666654 0.71 0.25222222222222224 0.8566666666666667 0.10999999999999999
238 0.9744444444444444 0.0011111111111110628 0.9666666666666667 0.011111111111111072 0.6988888888888889 0.25666666666666665 0.8477777777777777 0.1077777777777778
239 0.9755555555555555 0.00888888888888889 0.9633333333333334 0.010000000000000009 0.6811111111111111 0.2677777777777778 0.8422222222222222 0.11555555555555552
240 0.9744444444444444 0.012222222222222245 0.9611111111111111 0.007777777777777772 0.6688888888888889 0.28444444444444444 0.8522222222222222 0.10555555555555551
241 0.9766666666666667 0.005555555555555536 0.9611111111111111 0.010000000000000009 0.6511111111111111 0.2977777777777778 0.8577777777777778 0.10444444444444445
242 0.9733333333333334 0.0044444444444444176 0.9622222222222222 0.013333333333333308 0.6455555555555555 0.31000000000000005 0.8588888888888888 0.1077777777777778
243 0.9722222222222222 0.005555555555555536 0.9733333333333334 0.00888888888888889 0.6577777777777778 0.30666666666666664 0.8644444444444445 0.10666666666666669
244 0.9666666666666667 0.0 0.971111111111111 0.0044444444444444176 0.6611111111111111 0.30333333333333334 0.86 0.10666666666666669
245 0.9644444444444444 0.0022222222222222365 0.9733333333333334 0.0 0.6799999999999999 0.2822222222222222 0.86 0.10888888888888892
246 0.9655555555555555 0.003333333333333355 0.9733333333333334 0.006666666666666654 0.6911111111111111 0.27111111111111114 0.8633333333333333 0.10555555555555557
247 0.9688888888888889 0.004444444444444473 0.97 0.007777777777777772 0.7033333333333334 0.25666666666666665 0.8622222222222222 0.10666666666666669
248 0.9655555555555555 0.0011111111111111183 0.9733333333333334 0.00888888888888889 0.7077777777777777 0.2544444444444445 0.8533333333333333 0.1111111111111111
249 0.9677777777777778 0.0011111111111111183 0.9766666666666667 0.005555555555555536 0.7233333333333334 0.23222222222222225 0.8544444444444445 0.11222222222222222
250 0.9722222222222223 0.0011111111111111183 0.98 0.0022222222222222365 0.7033333333333334 0.2411111111111111 0.8488888888888888 0.11333333333333334
251 0.9733333333333334 0.006666666666666654 0.9788888888888889 0.003333333333333355 0.6977777777777777 0.24444444444444444 0.8488888888888889 0.11777777777777776
252 0.9766666666666667 0.0033333333333332993 0.9788888888888889 0.003333333333333355 0.6955555555555556 0.24222222222222226 0.8566666666666667 0.1166666666666667
253 0.9744444444444444 0.005555555555555536 0.9766666666666666 0.0011111111111111183 0.6911111111111111 0.25333333333333335 0.8555555555555556 0.12444444444444441
254 0.9744444444444444 0.007777777777777772 0.9755555555555555 0.0 0.6977777777777778 0.25333333333333335 0.8655555555555555 0.11222222222222222
255 0.9722222222222222 0.005555555555555536 0.9744444444444444 0.0011111111111110628 0.6966666666666667 0.2611111111111111 0.8611111111111112 0.11222222222222222
256 0.971111111111111 0.006666666666666654 0.9766666666666667 0.0033333333333332993 0.6844444444444444 0.2755555555555555 0.8533333333333333 0.1111111111111111
257 0.9655555555555555 0.005555555555555591 0.9755555555555555 0.002222222222222181 0.6866666666666666 0.2777777777777778 0.8477777777777777 0.11666666666666664
258 0.9677777777777778 0.003333333333333355 0.9755555555555555 0.0044444444444444176 0.68 0.2755555555555556 0.8455555555555556 0.11888888888888888
259 0.9733333333333334 0.0 0.9766666666666667 0.005555555555555536 0.69 0.2722222222222222 0.8411111111111111 0.1255555555555556
260 0.9722222222222222 0.0033333333333332993 0.9788888888888889 0.003333333333333355 0.6844444444444444 0.26666666666666666 0.8455555555555555 0.13
261 0.9744444444444444 0.0033333333333332993 0.981111111111111 0.0011111111111111183 0.6922222222222222 0.25666666666666665 0.8344444444444444 0.1433333333333333
262 0.9733333333333334 0.0 0.981111111111111 0.0011111111111111183 0.6900000000000001 0.2655555555555556 0.8511111111111112 0.1288888888888889
263 0.9722222222222222 0.0033333333333332993 0.9844444444444445 0.0022222222222222365 0.6977777777777778 0.2644444444444444 0.8444444444444444 0.1333333333333333
264 0.9733333333333334 0.002222222222222181 0.9833333333333334 0.003333333333333355 0.7077777777777778 0.2588888888888889 0.8444444444444444 0.12888888888888894
265 0.9722222222222222 0.0033333333333332993 0.98 0.0022222222222222365 0.7122222222222223 0.2611111111111111 0.8544444444444445 0.11888888888888893
266 0.9788888888888889 0.0011111111111111183 0.9844444444444445 0.0 0.7166666666666667 0.24777777777777776 0.8555555555555555 0.12
267 0.9744444444444444 0.0011111111111110628 0.9877777777777779 0.003333333333333355 0.7022222222222222 0.2577777777777778 0.8566666666666667 0.1166666666666667
268 0.9766666666666666 0.0011111111111111183 0.9866666666666667 0.0022222222222222365 0.6944444444444444 0.2611111111111111 0.8544444444444445 0.12555555555555553
269 0.981111111111111 0.0011111111111111183 0.9844444444444445 0.004444444444444473 0.6877777777777778 0.2722222222222222 0.8488888888888888 0.1288888888888889
270 0.98 0.0022222222222222365 0.9811111111111112 0.007777777777777772 0.6811111111111111 0.2766666666666666 0.8388888888888888 0.13666666666666666
271 0.98 0.004444444444444473 0.981111111111111 0.005555555555555591 0.6844444444444444 0.27999999999999997 0.8355555555555556 0.13777777777777778
272 0.9744444444444444 0.007777777777777772 0.9788888888888889 0.003333333333333355 0.6844444444444444 0.2777777777777778 0.8411111111111111 0.13
273 0.9666666666666667 0.00666666666666671 0.9833333333333334 0.003333333333333355 0.6833333333333333 0.2766666666666666 0.8433333333333333 0.12777777777777782
274 0.9622222222222223 0.006666666666666654 0.9833333333333334 0.003333333333333355 0.6911111111111111 0.2733333333333333 0.8355555555555556 0.1355555555555556
275 0.96 0.0044444444444444176 0.9855555555555555 0.003333333333333355 0.6822222222222223 0.2688888888888889 0.8511111111111112 0.12444444444444441
276 0.9655555555555555 0.003333333333333355 0.981111111111111 0.005555555555555591 0.6711111111111111 0.28222222222222226 0.8433333333333333 0.12777777777777782
277 0.9666666666666667 0.0 0.9777777777777779 0.011111111111111127 0.6733333333333333 0.28888888888888886 0.85 0.13222222222222224
278 0.9688888888888889 0.0 0.9755555555555555 0.006666666666666654 0.6788888888888889 0.2811111111111111 0.8466666666666667 0.1288888888888889
279 0.9733333333333334 0.0044444444444444176 0.9733333333333334 0.00888888888888889 0.6777777777777778 0.2822222222222222 0.8533333333333333 0.12666666666666665
280 0.9711111111111111 0.0022222222222222365 0.9744444444444444 0.007777777777777772 0.6911111111111111 0.26888888888888884 0.8566666666666667 0.12111111111111111
281 0.97 0.010000000000000009 0.9766666666666667 0.0033333333333332993 0.6844444444444444 0.2688888888888889 0.8655555555555555 0.11222222222222222
282 0.9755555555555555 0.011111111111111127 0.9788888888888889 0.0011111111111111183 0.6877777777777778 0.2544444444444444 0.8577777777777778 0.11777777777777776
283 0.9677777777777777 0.010000000000000009 0.98 0.0022222222222222365 0.6888888888888889 0.2666666666666667 0.86 0.12
284 0.961111111111111 0.014444444444444426 0.9744444444444444 0.0011111111111110628 0.6855555555555555 0.2544444444444444 0.8655555555555556 0.11666666666666664
285 0.9633333333333334 0.016666666666666663 0.971111111111111 0.0044444444444444176 0.6811111111111111 0.2611111111111111 0.8511111111111112 0.12666666666666665
286 0.9644444444444444 0.011111111111111072 0.9688888888888889 0.004444444444444473 0.6877777777777778 0.25666666666666665 0.8488888888888888 0.1288888888888889
287 0.97 0.007777777777777772 0.971111111111111 0.011111111111111127 0.6866666666666666 0.2644444444444444 0.8555555555555556 0.1288888888888889
288 0.9722222222222222 0.0033333333333332993 0.97 0.012222222222222245 0.6888888888888889 0.2644444444444444 0.8544444444444445 0.12777777777777777
289 0.9788888888888889 0.003333333333333355 0.9777777777777779 0.006666666666666654 0.6955555555555556 0.27111111111111114 0.8544444444444445 0.12777777777777777
290 0.98 0.006666666666666654 0.9733333333333334 0.002222222222222181 0.6933333333333334 0.26888888888888884 0.8522222222222222 0.12555555555555553
291 0.9755555555555555 0.006666666666666654 0.9711111111111111 0.0 0.6944444444444444 0.2677777777777778 0.8422222222222222 0.14
292 0.9777777777777779 0.006666666666666654 0.9655555555555555 0.005555555555555591 0.6977777777777777 0.26 0.8422222222222222 0.13555555555555554
293 0.9744444444444444 0.0033333333333332993 0.9677777777777778 0.0011111111111111183 0.6877777777777778 0.2611111111111111 0.8466666666666667 0.13111111111111112
294 0.9722222222222222 0.0033333333333332993 0.9677777777777778 0.003333333333333355 0.6722222222222223 0.27666666666666667 0.8422222222222222 0.1266666666666667
295 0.9722222222222222 0.005555555555555536 0.9722222222222222 0.005555555555555536 0.6633333333333333 0.28555555555555556 0.8477777777777777 0.11666666666666664
296 0.9766666666666666 0.0011111111111111183 0.9733333333333334 0.002222222222222181 0.6633333333333333 0.29222222222222227 0.8466666666666667 0.1111111111111111
297 0.9722222222222222 0.007777777777777772 0.9788888888888889 0.003333333333333355 0.6755555555555556 0.2911111111111111 0.8488888888888889 0.10666666666666669
298 0.97 0.007777777777777772 0.9755555555555555 0.002222222222222181 0.6799999999999999 0.2866666666666667 0.8511111111111112 0.11555555555555558
299 0.971111111111111 0.011111111111111127 0.981111111111111 0.003333333333333355 0.6933333333333334 0.2777777777777778 0.8444444444444444 0.12444444444444447
300 0.9688888888888889 0.011111111111111127 0.98 0.0 0.6911111111111111 0.27111111111111114 0.8466666666666667 0.1266666666666667
301 0.97 0.005555555555555536 0.981111111111111 0.0011111111111111183 0.6777777777777778 0.28444444444444444 0.8455555555555556 0.12777777777777782
302 0.9777777777777777 0.0022222222222222365 0.9722222222222222 0.005555555555555536 0.6711111111111111 0.2866666666666666 0.8488888888888888 0.12666666666666665
303 0.98 0.0 0.9722222222222222 0.010000000000000009 0.6744444444444444 0.27666666666666667 0.8455555555555555 0.13
304 0.9811111111111112 0.007777777777777772 0.971111111111111 0.013333333333333364 0.6822222222222222 0.2755555555555555 0.8511111111111112 0.1355555555555556
305 0.9822222222222222 0.004444444444444473 0.9666666666666667 0.011111111111111072 0.6777777777777778 0.28444444444444444 0.8422222222222222 0.14222222222222225
306 0.9822222222222222 0.0022222222222222365 0.9644444444444444 0.00888888888888889 0.6866666666666666 0.2733333333333333 0.8444444444444444 0.14
307 0.9788888888888889 0.005555555555555536 0.9655555555555555 0.005555555555555591 0.7022222222222222 0.2666666666666667 0.84 0.13555555555555554
308 0.9711111111111111 0.0022222222222222365 0.9644444444444444 0.004444444444444473 0.7011111111111111 0.2677777777777778 0.84 0.13555555555555554
309 0.97 0.0011111111111111183 0.97 0.005555555555555536 0.7066666666666667 0.25555555555555554 0.8455555555555556 0.12777777777777782
310 0.9677777777777778 0.0011111111111111183 0.9744444444444444 0.010000000000000009 0.7077777777777777 0.2544444444444445 0.8511111111111112 0.11777777777777781
311 0.9688888888888889 0.0 0.98 0.006666666666666654 0.6855555555555555 0.27444444444444444 0.85 0.11222222222222222
312 0.9688888888888889 0.0022222222222222365 0.9811111111111112 0.010000000000000009 0.6755555555555556 0.28 0.8433333333333333 0.11888888888888888
313 0.9722222222222223 0.0011111111111111183 0.9844444444444445 0.0022222222222222365 0.6855555555555556 0.28555555555555556 0.8466666666666667 0.11333333333333334
314 0.9755555555555555 0.0 0.9766666666666666 0.0011111111111111183 0.6988888888888889 0.27222222222222225 0.8533333333333333 0.1044444444444444
315 0.9744444444444444 0.0033333333333332993 0.9766666666666666 0.0011111111111111183 0.7033333333333334 0.2655555555555556 0.8466666666666667 0.12
316 0.9755555555555555 0.002222222222222181 0.98 0.0 0.7055555555555555 0.25666666666666665 0.8600000000000001 0.1111111111111111
317 0.9766666666666667 0.005555555555555536 0.9766666666666667 0.0033333333333332993 0.6944444444444444 0.2633333333333333 0.8511111111111112 0.11777777777777781
318 0.9766666666666667 0.005555555555555536 0.9711111111111111 0.0 0.6811111111111111 0.27444444444444444 0.8355555555555556 0.13333333333333336
319 0.9722222222222223 0.0011111111111111183 0.9733333333333334 0.0 0.6766666666666666 0.28777777777777774 0.8311111111111111 0.14
320 0.9711111111111111 0.0 0.9733333333333334 0.002222222222222181 0.6733333333333333 0.29555555555555557 0.8277777777777777 0.1388888888888889
321 0.9722222222222222 0.005555555555555536 0.9711111111111111 0.0022222222222222365 0.6855555555555555 0.29 0.8200000000000001 0.15111111111111114
322 0.9733333333333334 0.006666666666666654 0.9733333333333334 0.002222222222222181 0.6799999999999999 0.3022222222222222 0.8355555555555556 0.13333333333333336
323 0.9733333333333334 0.0044444444444444176 0.9777777777777777 0.0 0.6655555555555556 0.3055555555555556 0.8455555555555555 0.13
324 0.9766666666666667 0.0033333333333332993 0.9755555555555555 0.002222222222222181 0.6599999999999999 0.3 0.8355555555555556 0.13111111111111112
325 0.9755555555555555 0.002222222222222181 0.9777777777777777 0.0022222222222222365 0.6622222222222223 0.2933333333333334 0.84 0.12222222222222223
326 0.9655555555555555 0.005555555555555591 0.9788888888888889 0.0011111111111111183 0.6711111111111111 0.27555555555555555 0.8344444444444444 0.13
327 0.9611111111111111 0.007777777777777772 0.9733333333333334 0.0044444444444444176 0.6788888888888889 0.26555555555555554 0.8455555555555556 0.1255555555555556
328 0.9644444444444444 0.00888888888888889 0.97 0.003333333333333355 0.6755555555555556 0.27111111111111114 0.8411111111111111 0.1388888888888889
329 0.9644444444444444 0.0022222222222222365 0.9755555555555555 0.002222222222222181 0.6655555555555556 0.2811111111111111 0.85 0.13222222222222224
330 0.9688888888888889 0.0022222222222222365 0.9688888888888889 0.0022222222222222365 0.6711111111111111 0.27999999999999997 0.8500000000000001 0.13666666666666666
331 0.9722222222222223 0.0011111111111111183 0.9722222222222223 0.0011111111111111183 0.6777777777777778 0.2822222222222222 0.8422222222222222 0.13777777777777778
332 0.9744444444444444 0.0033333333333332993 0.9733333333333334 0.0 0.6755555555555556 0.2866666666666666 0.8400000000000001 0.1288888888888889
333 0.9733333333333334 0.002222222222222181 0.9733333333333334 0.002222222222222181 0.6755555555555556 0.29333333333333333 0.8444444444444444 0.12444444444444447
334 0.9744444444444444 0.0033333333333332993 0.97 0.0011111111111111183 0.6844444444444444 0.28444444444444444 0.8533333333333333 0.12222222222222218
335 0.9744444444444444 0.0033333333333332993 0.9711111111111111 0.0022222222222222365 0.6688888888888889 0.2955555555555555 0.8488888888888888 0.12666666666666665
336 0.9777777777777777 0.0022222222222222365 0.97 0.003333333333333355 0.6788888888888889 0.28777777777777774 0.85 0.13444444444444448
337 0.9777777777777779 0.0044444444444444176 0.9722222222222223 0.0011111111111111183 0.6855555555555555 0.27444444444444444 0.8411111111111111 0.1433333333333333
338 0.9722222222222222 0.005555555555555536 0.9755555555555555 0.002222222222222181 0.6822222222222223 0.2733333333333333 0.8388888888888889 0.1433333333333333
339 0.9744444444444444 0.005555555555555536 0.9788888888888889 0.005555555555555536 0.6922222222222222 0.2677777777777778 0.8233333333333333 0.15666666666666668
340 0.9744444444444444 0.0033333333333332993 0.981111111111111 0.003333333333333355 0.7066666666666667 0.25111111111111106 0.8244444444444444 0.15333333333333332
341 0.9722222222222223 0.0011111111111111183 0.9788888888888889 0.003333333333333355 0.6777777777777778 0.2866666666666666 0.8311111111111111 0.14666666666666667
342 0.9766666666666667 0.007777777777777772 0.9744444444444444 0.0033333333333332993 0.6733333333333333 0.2866666666666666 0.8355555555555556 0.14666666666666667
343 0.9677777777777778 0.01222222222222219 0.9755555555555555 0.002222222222222181 0.6811111111111111 0.27444444444444444 0.85 0.13444444444444448
344 0.9644444444444444 0.013333333333333308 0.9722222222222223 0.0011111111111111183 0.6755555555555556 0.2777777777777778 0.8511111111111112 0.13111111111111112
345 0.9677777777777777 0.007777777777777772 0.9733333333333334 0.002222222222222181 0.6833333333333333 0.27222222222222225 0.8522222222222222 0.12555555555555553
